year	month	day	hour	minute	second	w	x	y	z	droll	dpitch	dyaw	ax	ay	az	heart
2018	5	11	13	17	2.825	-0.8331	0.4897	0.1678	-0.1942	-0.7	0	1.1	0.016	0.014	0.002	1023
2018	5	11	13	17	2.829	-0.8331	0.4897	0.1679	-0.1942	-0.9	0.2	0.8	0.015	0.01	0.006	1023
2018	5	11	13	17	2.847	-0.8331	0.4897	0.168	-0.1942	-0.4	0.1	0.8	0.018	0.012	0.002	1023
2018	5	11	13	17	2.885	-0.8331	0.4897	0.1679	-0.1943	-0.4	0.2	0.9	0.016	0.013	0.002	1023
2018	5	11	13	17	2.905	-0.8332	0.4895	0.1681	-0.1943	-0.5	0.2	1.1	0.015	0.012	0.008	1023
2018	5	11	13	17	2.909	-0.8332	0.4895	0.168	-0.1944	-0.8	0.1	0.9	0.017	0.013	0.007	1023
2018	5	11	13	17	2.925	-0.8332	0.4895	0.168	-0.1944	-0.9	0	1	0.015	0.014	0.003	0
2018	5	11	13	17	2.961	-0.8332	0.4894	0.1683	-0.1942	-0.9	0.1	1	0.017	0.013	0.008	0
2018	5	11	13	17	2.981	-0.8332	0.4895	0.1683	-0.1943	-0.8	0.1	1	0.015	0.013	0.005	0
2018	5	11	13	17	2.985	-0.8331	0.4896	0.1682	-0.1944	-0.4	0.1	1	0.015	0.011	0.004	0
2018	5	11	13	17	3.006	-0.8332	0.4895	0.1683	-0.1944	-0.1	0.2	1.1	0.015	0.005	0.002	0
2018	5	11	13	17	3.024	-0.8332	0.4894	0.1684	-0.1944	0.4	0.7	0.8	0.019	0.01	0.003	0
2018	5	11	13	17	3.064	-0.8333	0.4892	0.1684	-0.1945	-0.2	0.6	0.6	0.021	0.021	0.012	0
2018	5	11	13	17	3.083	-0.8332	0.4893	0.1682	-0.1947	-1.6	0	1	0.015	0.022	0.017	0
2018	5	11	13	17	3.087	-0.8331	0.4894	0.1683	-0.1946	-2.6	-0.2	1.3	0.011	0.013	0.004	0
2018	5	11	13	17	3.108	-0.8329	0.4898	0.1683	-0.1945	-1.8	0	1.1	0.012	0.004	-0.005	0
2018	5	11	13	17	3.128	-0.8328	0.49	0.1683	-0.1945	-0.6	0.3	0.8	0.013	0.003	-0.005	0
2018	5	11	13	17	3.147	-0.8328	0.49	0.1683	-0.1947	0.3	0.4	0.8	0.017	0.009	0.002	0
2018	5	11	13	17	3.167	-0.8329	0.4897	0.1684	-0.1947	0.4	0.3	1	0.022	0.015	0.009	0
2018	5	11	13	17	3.188	-0.833	0.4894	0.1686	-0.1947	-0.1	0.1	1.1	0.02	0.017	0.012	0
2018	5	11	13	17	3.225	-0.8331	0.4893	0.1686	-0.1947	-1	-0.1	1.1	0.016	0.015	0.008	0
2018	5	11	13	17	3.248	-0.8331	0.4893	0.1687	-0.1947	-1	-0.2	1.2	0.016	0.015	0.004	0
2018	5	11	13	17	3.252	-0.833	0.4894	0.1686	-0.1947	-0.9	0	1.1	0.015	0.008	0	0
2018	5	11	13	17	3.27	-0.833	0.4896	0.1685	-0.1948	-0.5	0	1	0.018	0.013	0.005	0
2018	5	11	13	17	3.289	-0.833	0.4895	0.1686	-0.1948	-0.7	0.1	1	0.017	0.014	0.004	0
2018	5	11	13	17	3.31	-0.833	0.4895	0.1686	-0.1948	-0.4	0	0.9	0.017	0.012	0.003	0
2018	5	11	13	17	3.331	-0.833	0.4895	0.1687	-0.1948	-0.4	0.2	1	0.017	0.01	0.005	0
2018	5	11	13	17	3.35	-0.8328	0.4897	0.1686	-0.195	-0.4	0.3	1	0.015	0.008	0	0
2018	5	11	13	17	3.367	-0.8328	0.4896	0.1688	-0.195	-0.1	0.4	0.8	0.019	0.01	0.003	0
2018	5	11	13	17	3.388	-0.8329	0.4895	0.1689	-0.195	-0.1	0.4	0.8	0.02	0.016	0.01	0
2018	5	11	13	17	3.408	-0.8329	0.4894	0.169	-0.195	-0.7	0.3	0.9	0.018	0.015	0.01	0
2018	5	11	13	17	3.446	-0.8329	0.4894	0.1691	-0.195	-1.2	0.1	0.9	0.019	0.015	0.008	0
2018	5	11	13	17	3.466	-0.8329	0.4894	0.1692	-0.195	-1.3	0	1.1	0.016	0.015	0	0
2018	5	11	13	17	3.47	-0.8328	0.4896	0.1692	-0.195	-1.2	0.1	1.1	0.016	0.01	0.003	0
2018	5	11	13	17	3.508	-0.8326	0.4898	0.1692	-0.195	-0.7	0.1	1	0.015	0.008	0	0
2018	5	11	13	17	3.53	-0.8326	0.4899	0.1691	-0.1951	-0.6	0.2	0.9	0.016	0.012	-0.002	0
2018	5	11	13	17	3.534	-0.8326	0.4899	0.1691	-0.1951	-0.4	0	1.1	0.017	0.014	0	0
2018	5	11	13	17	3.546	-0.8326	0.4898	0.1693	-0.1951	-0.4	0	1	0.015	0.011	0.004	0
2018	5	11	13	17	3.587	-0.8326	0.4899	0.1692	-0.1951	-0.5	0.1	1	0.015	0.01	0.004	0
2018	5	11	13	17	3.591	-0.8325	0.4899	0.1691	-0.1952	-0.4	0	1	0.016	0.011	0.002	0
2018	5	11	13	17	3.608	-0.8326	0.4897	0.1693	-0.1952	-0.4	0.3	1	0.014	0.015	0.001	0
2018	5	11	13	17	3.63	-0.8326	0.4898	0.1692	-0.1952	-0.6	0.1	1	0.014	0.016	0.007	0
2018	5	11	13	17	3.649	-0.8326	0.4897	0.1692	-0.1953	-0.3	0.1	0.9	0.017	0.012	0.007	0
2018	5	11	13	17	3.689	-0.8327	0.4895	0.1695	-0.1952	-0.4	0.3	1	0.018	0.012	0.003	0
2018	5	11	13	17	3.71	-0.8326	0.4897	0.1693	-0.1954	-0.4	0.2	0.8	0.02	0.013	0.003	0
2018	5	11	13	17	3.714	-0.8326	0.4897	0.1692	-0.1954	-0.5	0.1	1	0.019	0.012	0.008	0
2018	5	11	13	17	3.733	-0.8326	0.4896	0.1694	-0.1954	-0.4	0.2	1	0.015	0.015	0.008	0
2018	5	11	13	17	3.771	-0.8326	0.4896	0.1694	-0.1955	-0.7	0.1	1	0.017	0.016	0.005	0
2018	5	11	13	17	3.775	-0.8325	0.4898	0.1692	-0.1956	-1	0.1	1	0.018	0.014	0.003	0
2018	5	11	13	17	3.791	-0.8325	0.4898	0.1693	-0.1956	-0.9	0.2	0.9	0.016	0.011	0.004	0
2018	5	11	13	17	3.812	-0.8324	0.4898	0.1693	-0.1956	-0.9	0	1	0.018	0.012	0.011	0
2018	5	11	13	17	3.832	-0.8324	0.4898	0.1693	-0.1957	-0.7	0.1	1	0.015	0.013	0	1023
2018	5	11	13	17	3.849	-0.8324	0.4899	0.1692	-0.1957	-0.4	0.2	1	0.015	0.011	0.005	1023
2018	5	11	13	17	3.868	-0.8324	0.4898	0.1693	-0.1957	-0.4	0.3	1	0.016	0.014	0.003	1023
2018	5	11	13	17	3.893	-0.8324	0.4898	0.1693	-0.1958	-0.4	0.1	0.9	0.018	0.014	0.004	1023
2018	5	11	13	17	3.912	-0.8324	0.4898	0.1693	-0.1958	-0.6	0	1	0.015	0.013	0.008	1023
2018	5	11	13	17	3.932	-0.8324	0.4898	0.1693	-0.1959	-0.6	0	0.9	0.013	0.015	0.004	1023
2018	5	11	13	17	3.955	-0.8325	0.4896	0.1695	-0.1959	-0.4	0.2	1	0.016	0.013	0.003	1023
2018	5	11	13	17	3.975	-0.8324	0.4897	0.1695	-0.1959	-0.3	0.1	0.9	0.017	0.011	0.002	1023
2018	5	11	13	17	3.994	-0.8325	0.4895	0.1696	-0.196	-0.3	0.1	1	0.019	0.014	0.002	1023
2018	5	11	13	17	4.032	-0.8324	0.4897	0.1693	-0.1961	-0.8	0.2	1	0.015	0.011	0.005	1023
2018	5	11	13	17	4.052	-0.8323	0.4898	0.1692	-0.1962	-0.9	0	1	0.02	0.017	0.004	1023
2018	5	11	13	17	4.056	-0.8323	0.4898	0.1692	-0.1962	-0.8	0	1.1	0.017	0.017	0.005	1023
2018	5	11	13	17	4.073	-0.8323	0.4899	0.1691	-0.1963	-0.9	-0.1	1	0.014	0.012	0.002	1023
2018	5	11	13	17	4.093	-0.8322	0.49	0.1691	-0.1963	-0.4	0.1	1	0.015	0.013	0.006	1023
2018	5	11	13	17	4.114	-0.8322	0.4901	0.1691	-0.1963	-0.4	0	1	0.016	0.012	0.006	0
2018	5	11	13	17	4.151	-0.8322	0.4901	0.1691	-0.1964	0	0.4	1	0.014	0.005	0.005	0
2018	5	11	13	17	4.172	-0.8322	0.49	0.169	-0.1965	0.3	0.6	0.8	0.018	0.014	0.008	0
2018	5	11	13	17	4.176	-0.8322	0.4899	0.1689	-0.1967	-0.4	0.4	0.8	0.023	0.021	0.014	0
2018	5	11	13	17	4.194	-0.8323	0.4898	0.1689	-0.1968	-1.8	0	1	0.014	0.024	0.013	0
2018	5	11	13	17	4.231	-0.8322	0.49	0.169	-0.1967	-2.6	-0.2	1.2	0.01	0.012	0	0
2018	5	11	13	17	4.251	-0.832	0.4903	0.169	-0.1966	-1.5	0	1	0.013	0	-0.006	0
2018	5	11	13	17	4.256	-0.8319	0.4904	0.1692	-0.1966	0	0.4	0.6	0.017	0.002	-0.007	0
2018	5	11	13	17	4.295	-0.832	0.4901	0.1695	-0.1965	0.9	0.4	0.8	0.022	0.013	0.008	0
2018	5	11	13	17	4.299	-0.8322	0.4897	0.1697	-0.1966	0.6	0.2	0.9	0.022	0.018	0.012	0
2018	5	11	13	17	4.313	-0.8323	0.4895	0.1698	-0.1966	-0.2	0	1	0.018	0.02	0.014	0
2018	5	11	13	17	4.353	-0.8324	0.4894	0.1699	-0.1965	-1.2	0	1.1	0.015	0.017	0.009	0
2018	5	11	13	17	4.374	-0.8323	0.4895	0.1698	-0.1965	-1.4	-0.1	1.1	0.012	0.012	-0.002	0
2018	5	11	13	17	4.378	-0.8322	0.4897	0.1698	-0.1965	-0.7	0	0.9	0.02	0.005	-0.002	0
2018	5	11	13	17	4.396	-0.8322	0.4897	0.1698	-0.1965	-0.2	0.3	0.8	0.018	0.013	0.002	0
2018	5	11	13	17	4.417	-0.8322	0.4897	0.1697	-0.1966	-0.6	0.2	0.9	0.016	0.016	0.004	0
2018	5	11	13	17	4.453	-0.8322	0.4896	0.17	-0.1965	-0.6	0.3	1	0.014	0.012	0.007	0
2018	5	11	13	17	4.473	-0.8322	0.4896	0.17	-0.1966	-0.5	0.2	0.9	0.016	0.016	0.006	0
2018	5	11	13	17	4.477	-0.8322	0.4895	0.17	-0.1967	-0.7	0.2	1	0.016	0.016	0.01	0
2018	5	11	13	17	4.493	-0.8322	0.4896	0.1699	-0.1967	-0.9	0.1	1	0.014	0.012	0.005	0
2018	5	11	13	17	4.529	-0.8321	0.4898	0.1697	-0.1968	-0.7	0.2	1.1	0.014	0.01	0	0
2018	5	11	13	17	4.548	-0.8321	0.4898	0.1699	-0.1968	-0.4	0.4	0.9	0.019	0.009	0	0
2018	5	11	13	17	4.553	-0.832	0.4898	0.1699	-0.1969	0	0.6	0.7	0.018	0.013	0.006	0
2018	5	11	13	17	4.593	-0.832	0.4898	0.1698	-0.1971	-0.1	0.4	0.9	0.02	0.016	0.012	0
2018	5	11	13	17	4.614	-0.8321	0.4897	0.1698	-0.1972	-0.7	0.1	0.8	0.018	0.015	0.011	0
2018	5	11	13	17	4.619	-0.8321	0.4896	0.1699	-0.1972	-1.3	0	1	0.017	0.02	0.006	0
2018	5	11	13	17	4.638	-0.832	0.4897	0.1699	-0.1972	-1.6	0	1.1	0.015	0.015	0.004	0
2018	5	11	13	17	4.657	-0.832	0.4898	0.17	-0.1971	-1.1	0	1.1	0.016	0.01	0.008	0
2018	5	11	13	17	4.697	-0.8318	0.49	0.1699	-0.1971	-0.6	0.1	1.1	0.018	0.01	0.005	0
2018	5	11	13	17	4.717	-0.8319	0.49	0.17	-0.1971	-0.3	0	0.8	0.015	0.005	0.004	0
2018	5	11	13	17	4.721	-0.832	0.4898	0.1702	-0.1971	-0.2	0.1	0.9	0.016	0.012	0.002	0
2018	5	11	13	17	4.735	-0.832	0.4896	0.1702	-0.1971	-0.4	0.1	1	0.016	0.014	0.006	0
2018	5	11	13	17	4.773	-0.8321	0.4895	0.1703	-0.1972	-0.4	0.1	1	0.017	0.013	0.01	0
2018	5	11	13	17	4.794	-0.8321	0.4895	0.1703	-0.1972	-0.4	0.1	1	0.014	0.015	0.003	0
2018	5	11	13	17	4.798	-0.832	0.4896	0.1702	-0.1972	-0.1	0.1	0.8	0.016	0.012	0.003	0
2018	5	11	13	17	4.818	-0.832	0.4896	0.1703	-0.1973	-0.2	0.2	1	0.019	0.016	0.003	0
2018	5	11	13	17	4.857	-0.832	0.4895	0.1703	-0.1973	-0.4	0.3	0.9	0.018	0.014	0.005	0
2018	5	11	13	17	4.877	-0.832	0.4895	0.1702	-0.1974	-0.3	0.3	1	0.015	0.011	0.004	0
2018	5	11	13	17	4.881	-0.832	0.4894	0.1704	-0.1974	-0.6	0.3	0.8	0.017	0.015	0.004	0
2018	5	11	13	17	4.9	-0.832	0.4894	0.1704	-0.1975	-0.5	0.3	0.8	0.02	0.013	0.008	0
2018	5	11	13	17	4.937	-0.8321	0.4893	0.1705	-0.1975	-0.7	0	0.8	0.018	0.012	0.004	1023
2018	5	11	13	17	4.942	-0.832	0.4894	0.1705	-0.1976	-0.8	0.1	0.9	0.019	0.013	0.005	1023
2018	5	11	13	17	4.959	-0.8319	0.4896	0.1703	-0.1977	-0.8	0.1	1.1	0.017	0.01	0.003	1023
2018	5	11	13	17	4.976	-0.8318	0.4897	0.1703	-0.1977	-0.4	0.3	0.8	0.015	0.012	0.006	1023
2018	5	11	13	17	5.014	-0.8318	0.4896	0.1703	-0.1978	-0.6	0.2	0.9	0.015	0.014	0.007	1023
2018	5	11	13	17	5.033	-0.8318	0.4896	0.1703	-0.1978	-0.5	0.4	1	0.015	0.012	0.003	1023
2018	5	11	13	17	5.037	-0.8318	0.4896	0.1703	-0.1979	-0.4	0	0.9	0.015	0.014	0.006	1023
2018	5	11	13	17	5.076	-0.8319	0.4895	0.1705	-0.1978	-0.4	0.1	0.8	0.017	0.016	0.001	1023
2018	5	11	13	17	5.096	-0.8319	0.4894	0.1707	-0.1978	-0.5	0.2	1	0.013	0.01	0.003	1023
2018	5	11	13	17	5.1	-0.8319	0.4893	0.1707	-0.1979	-0.2	0.2	1	0.015	0.01	0.002	1023
2018	5	11	13	17	5.138	-0.8319	0.4894	0.1706	-0.198	-0.1	0.2	1	0.017	0.012	0.001	1023
2018	5	11	13	17	5.159	-0.8319	0.4894	0.1705	-0.1981	-0.2	0.3	1	0.019	0.011	0.004	1023
2018	5	11	13	17	5.163	-0.8319	0.4893	0.1706	-0.1981	-0.2	0.2	0.9	0.017	0.016	0.003	0
2018	5	11	13	17	5.183	-0.832	0.4891	0.1706	-0.1982	-0.4	0.3	0.9	0.019	0.014	0.005	0
2018	5	11	13	17	5.203	-0.832	0.489	0.1708	-0.1981	-0.6	0.3	1	0.018	0.015	0.004	0
2018	5	11	13	17	5.224	-0.8321	0.4889	0.1709	-0.1982	-0.6	0.1	1.2	0.014	0.014	0.007	0
2018	5	11	13	17	5.24	-0.832	0.489	0.1708	-0.1983	-0.7	0.2	0.9	0.016	0.014	0	0
2018	5	11	13	17	5.278	-0.8319	0.4891	0.1707	-0.1984	-0.6	0.1	1	0.015	0.014	-0.001	0
2018	5	11	13	17	5.298	-0.8319	0.4891	0.1708	-0.1984	-0.6	0.1	1	0.017	0.012	0	0
2018	5	11	13	17	5.302	-0.8318	0.4892	0.1706	-0.1985	-0.5	0	0.9	0.015	0.01	0.011	0
2018	5	11	13	17	5.32	-0.8319	0.4891	0.1708	-0.1985	0	0.4	1	0.018	0.007	-0.001	0
2018	5	11	13	17	5.343	-0.8319	0.4891	0.1707	-0.1986	0.5	0.6	0.9	0.016	0.007	0	0
2018	5	11	13	17	5.381	-0.8319	0.489	0.1705	-0.1989	0.3	0.6	0.6	0.023	0.022	0.006	0
2018	5	11	13	17	5.401	-0.8319	0.489	0.1704	-0.1991	-1.2	0.1	0.8	0.016	0.028	0.017	0
2018	5	11	13	17	5.405	-0.8318	0.4891	0.1704	-0.199	-2.2	-0.2	1.3	0.009	0.017	0.007	0
2018	5	11	13	17	5.423	-0.8317	0.4893	0.1707	-0.1988	-1.9	-0.1	1.1	0.01	0.002	-0.004	0
2018	5	11	13	17	5.459	-0.8315	0.4896	0.1706	-0.1989	0	0.4	0.7	0.014	0.002	-0.008	0
2018	5	11	13	17	5.479	-0.8315	0.4897	0.1705	-0.1991	1.2	0.7	0.7	0.019	0.011	0.003	0
2018	5	11	13	17	5.483	-0.8316	0.4893	0.1705	-0.1993	1.1	0.5	0.8	0.025	0.016	0.009	0
2018	5	11	13	17	5.501	-0.8318	0.489	0.1705	-0.1994	0.1	0.1	1	0.017	0.021	0.012	0
2018	5	11	13	17	5.52	-0.8319	0.4888	0.1706	-0.1993	-0.6	0	1	0.017	0.021	0.012	0
2018	5	11	13	17	5.56	-0.8319	0.4889	0.1705	-0.1993	-1.2	-0.2	1.1	0.015	0.014	0.005	0
2018	5	11	13	17	5.579	-0.8318	0.489	0.1705	-0.1993	-1.1	0	1.1	0.018	0.008	-0.001	0
2018	5	11	13	17	5.583	-0.8317	0.4891	0.1706	-0.1993	-0.3	0.2	0.9	0.016	0.011	0.002	0
2018	5	11	13	17	5.605	-0.8317	0.4891	0.1707	-0.1993	0	0.4	0.8	0.017	0.014	0.003	0
2018	5	11	13	17	5.625	-0.8318	0.489	0.1707	-0.1994	0	0.4	1	0.014	0.01	0.004	0
2018	5	11	13	17	5.643	-0.8318	0.4889	0.1708	-0.1994	0	0.4	1	0.016	0.013	0.002	0
2018	5	11	13	17	5.661	-0.8318	0.4889	0.1706	-0.1996	-0.2	0.3	1	0.017	0.013	0.011	0
2018	5	11	13	17	5.7	-0.8318	0.4888	0.1707	-0.1996	-0.4	0.3	1	0.013	0.014	0.012	0
2018	5	11	13	17	5.719	-0.8318	0.4889	0.1706	-0.1997	-0.4	0.2	1.1	0.012	0.007	0.006	0
2018	5	11	13	17	5.723	-0.8317	0.4889	0.1706	-0.1997	-0.2	0.3	0.8	0.016	0.012	0	0
2018	5	11	13	17	5.742	-0.8317	0.4889	0.1707	-0.1998	0.2	0.7	0.7	0.021	0.01	0.001	0
2018	5	11	13	17	5.763	-0.8319	0.4886	0.1708	-0.1999	0.3	0.6	0.7	0.021	0.017	0.005	0
2018	5	11	13	17	5.802	-0.8319	0.4884	0.1708	-0.2	-0.1	0.4	0.9	0.019	0.017	0.01	0
2018	5	11	13	17	5.824	-0.832	0.4882	0.171	-0.2	-0.6	0.3	1	0.019	0.019	0.01	0
2018	5	11	13	17	5.828	-0.8319	0.4883	0.171	-0.2	-1.3	0	0.8	0.021	0.016	0	0
2018	5	11	13	17	5.846	-0.8319	0.4883	0.1712	-0.2	-1.2	0.1	1	0.017	0.011	0.003	0
2018	5	11	13	17	5.863	-0.8319	0.4884	0.1713	-0.2	-0.6	0.1	1.1	0.015	0.008	-0.001	0
2018	5	11	13	17	5.883	-0.8318	0.4885	0.1711	-0.2001	-0.2	0	1	0.014	0.011	0.002	0
2018	5	11	13	17	5.919	-0.8318	0.4885	0.1711	-0.2002	0	0.3	0.9	0.016	0.012	0.003	0
2018	5	11	13	17	5.94	-0.8318	0.4885	0.1709	-0.2003	0	0.1	0.7	0.019	0.017	0.006	1023
2018	5	11	13	17	5.944	-0.8317	0.4886	0.1707	-0.2004	0	0.3	0.9	0.016	0.016	0.004	1023
2018	5	11	13	17	5.964	-0.8317	0.4887	0.1706	-0.2005	-0.4	0.1	1.1	0.017	0.014	0.006	1023
2018	5	11	13	17	5.983	-0.8317	0.4886	0.1707	-0.2005	-0.2	0	1	0.014	0.013	0.005	1023
2018	5	11	13	17	6.021	-0.8318	0.4884	0.1708	-0.2005	0	0.2	0.9	0.018	0.014	0.008	1023
2018	5	11	13	17	6.042	-0.8318	0.4885	0.1707	-0.2006	-0.1	0.3	0.9	0.014	0.013	0.001	1023
2018	5	11	13	17	6.046	-0.8318	0.4884	0.1707	-0.2007	-0.1	0.3	0.8	0.017	0.012	0.002	1023
2018	5	11	13	17	6.065	-0.8318	0.4883	0.1708	-0.2007	-0.5	0.2	0.9	0.017	0.013	0.008	1023
2018	5	11	13	17	6.086	-0.8318	0.4884	0.1706	-0.2008	-0.6	0.3	1.1	0.016	0.01	0.005	1023
2018	5	11	13	17	6.125	-0.8317	0.4885	0.1706	-0.2009	-0.6	0.3	0.8	0.017	0.01	0.01	1023
2018	5	11	13	17	6.145	-0.8316	0.4886	0.1705	-0.201	-0.5	0.3	1	0.018	0.013	0.007	1023
2018	5	11	13	17	6.15	-0.8316	0.4886	0.1705	-0.201	-0.6	0.3	1	0.015	0.014	0.001	1023
2018	5	11	13	17	6.167	-0.8316	0.4886	0.1705	-0.2011	-0.5	0.3	1	0.019	0.015	0.007	1023
2018	5	11	13	17	6.205	-0.8316	0.4886	0.1706	-0.2011	-0.6	0.1	1	0.017	0.013	0.005	0
2018	5	11	13	17	6.223	-0.8316	0.4887	0.1705	-0.2011	-0.6	0	1	0.016	0.015	0	0
2018	5	11	13	17	6.225	-0.8316	0.4886	0.1707	-0.2011	-0.7	0.3	0.9	0.018	0.012	0	0
2018	5	11	13	17	6.263	-0.8316	0.4885	0.1708	-0.2011	-0.7	0.4	0.9	0.013	0.014	0.004	0
2018	5	11	13	17	6.282	-0.8316	0.4884	0.1709	-0.2011	-0.7	0.3	0.9	0.016	0.011	0	0
2018	5	11	13	17	6.285	-0.8316	0.4884	0.1709	-0.2012	-0.4	0.4	0.8	0.019	0.011	0.012	0
2018	5	11	13	17	6.323	-0.8316	0.4884	0.1709	-0.2013	-0.4	0.3	1	0.015	0.012	0.003	0
2018	5	11	13	17	6.344	-0.8317	0.4881	0.1711	-0.2012	-0.1	0.3	1	0.017	0.015	0.002	0
2018	5	11	13	17	6.347	-0.8318	0.488	0.1714	-0.2012	-0.3	0.3	1	0.016	0.016	0.003	0
2018	5	11	13	17	6.367	-0.8318	0.4879	0.1715	-0.2011	-0.4	0.2	1	0.018	0.017	0.004	0
2018	5	11	13	17	6.404	-0.8318	0.4878	0.1716	-0.2011	-0.3	0.1	1	0.015	0.012	0.005	0
2018	5	11	13	17	6.423	-0.8319	0.4877	0.1717	-0.2011	0	0.4	0.9	0.019	0.009	0.001	0
2018	5	11	13	17	6.426	-0.8319	0.4876	0.1717	-0.2012	0.3	0.4	0.9	0.018	0.009	0.005	0
2018	5	11	13	17	6.463	-0.832	0.4874	0.1717	-0.2014	0	0.3	0.8	0.021	0.02	0.016	0
2018	5	11	13	17	6.485	-0.832	0.4874	0.1717	-0.2015	-1.3	-0.2	0.9	0.014	0.027	0.01	0
2018	5	11	13	17	6.489	-0.832	0.4874	0.1719	-0.2013	-2	-0.2	1.1	0.009	0.016	0.003	0
2018	5	11	13	17	6.509	-0.8318	0.4877	0.172	-0.2012	-1.2	0	1	0.012	0.002	-0.006	0
2018	5	11	13	17	6.53	-0.8317	0.4878	0.1722	-0.2012	-0.1	0.4	0.8	0.023	0.005	-0.005	0
2018	5	11	13	17	6.55	-0.8318	0.4876	0.1723	-0.2013	0.3	0.4	0.8	0.025	0.008	0.004	0
2018	5	11	13	17	6.571	-0.8319	0.4874	0.1723	-0.2014	0.1	0.3	0.9	0.022	0.02	0.012	0
2018	5	11	13	17	6.588	-0.8319	0.4873	0.1722	-0.2015	-0.5	0	0.8	0.018	0.018	0.011	0
2018	5	11	13	17	6.607	-0.8319	0.4873	0.1722	-0.2015	-1	0	1.1	0.018	0.017	0.005	0
2018	5	11	13	17	6.627	-0.8319	0.4874	0.1722	-0.2015	-1.2	0	1.1	0.017	0.011	0.001	0
2018	5	11	13	17	6.666	-0.8318	0.4875	0.1723	-0.2015	-0.8	0.1	1.1	0.015	0.008	0	0
2018	5	11	13	17	6.688	-0.8318	0.4874	0.1725	-0.2014	-0.2	0.1	0.9	0.012	0.01	0.003	0
2018	5	11	13	17	6.692	-0.8318	0.4874	0.1724	-0.2015	-0.4	0.1	0.9	0.016	0.013	0	0
2018	5	11	13	17	6.71	-0.8318	0.4874	0.1725	-0.2015	-0.2	0.3	0.9	0.015	0.013	0.007	0
2018	5	11	13	17	6.748	-0.8319	0.4872	0.1727	-0.2015	-0.7	0.3	1	0.015	0.013	0.008	0
2018	5	11	13	17	6.768	-0.8318	0.4873	0.1726	-0.2016	-0.5	0.2	0.8	0.013	0.016	0.003	0
2018	5	11	13	17	6.773	-0.8318	0.4874	0.1726	-0.2017	-0.4	0.1	1	0.018	0.014	0.006	0
2018	5	11	13	17	6.792	-0.8318	0.4873	0.1726	-0.2017	-0.2	0.4	0.8	0.018	0.013	0.002	0
2018	5	11	13	17	6.809	-0.8318	0.4872	0.1728	-0.2017	-0.1	0.6	0.9	0.018	0.015	0.004	0
2018	5	11	13	17	6.847	-0.8319	0.487	0.1728	-0.2018	-0.6	0.3	0.8	0.018	0.013	0.005	0
2018	5	11	13	17	6.852	-0.8319	0.487	0.1727	-0.202	-0.9	0.2	1	0.013	0.013	0.007	0
2018	5	11	13	17	6.869	-0.8319	0.487	0.1729	-0.2019	-1.1	0.2	0.9	0.017	0.013	0.003	0
2018	5	11	13	17	6.906	-0.8318	0.4871	0.1729	-0.202	-1	0.3	0.9	0.019	0.015	0.007	0
2018	5	11	13	17	6.927	-0.8317	0.4873	0.1727	-0.2021	-0.9	0.1	1	0.02	0.012	0.005	0
2018	5	11	13	17	6.932	-0.8316	0.4874	0.1727	-0.2022	-0.6	0	0.9	0.019	0.014	0.004	0
2018	5	11	13	17	6.952	-0.8316	0.4875	0.1726	-0.2022	-0.9	0	1	0.017	0.015	0.004	0
2018	5	11	13	17	6.973	-0.8316	0.4875	0.1727	-0.2022	-0.7	-0.1	1	0.017	0.015	0	0
2018	5	11	13	17	6.994	-0.8315	0.4875	0.1728	-0.2022	-0.9	0	1	0.014	0.013	0.002	0
2018	5	11	13	17	7.014	-0.8316	0.4874	0.173	-0.2021	-0.5	0.1	1	0.016	0.012	0.005	0
2018	5	11	13	17	7.031	-0.8316	0.4873	0.1731	-0.2021	-0.4	0.1	1	0.016	0.013	0.003	1023
2018	5	11	13	17	7.049	-0.8317	0.4872	0.1732	-0.2021	-0.5	0	1.1	0.018	0.014	0.005	1023
2018	5	11	13	17	7.071	-0.8316	0.4872	0.1731	-0.2021	-0.7	0.1	1	0.015	0.013	0.004	1023
2018	5	11	13	17	7.091	-0.8316	0.4872	0.1732	-0.2021	-0.6	0	0.9	0.016	0.013	0.006	1023
2018	5	11	13	17	7.128	-0.8316	0.4873	0.1731	-0.2022	-0.9	0.1	1	0.018	0.015	0.002	1023
2018	5	11	13	17	7.147	-0.8316	0.4873	0.1732	-0.2021	-1	0	1.1	0.018	0.012	0.007	1023
2018	5	11	13	17	7.151	-0.8315	0.4873	0.1733	-0.2021	-0.9	0	1	0.018	0.014	0.006	1023
2018	5	11	13	17	7.19	-0.8315	0.4873	0.1734	-0.2021	-1	0	0.9	0.018	0.013	0.004	1023
2018	5	11	13	17	7.211	-0.8315	0.4874	0.1733	-0.2022	-0.9	0.1	0.9	0.015	0.014	0.008	1023
2018	5	11	13	17	7.215	-0.8313	0.4877	0.1731	-0.2023	-1.1	-0.1	1	0.018	0.01	0.004	1023
2018	5	11	13	17	7.235	-0.8312	0.4879	0.1729	-0.2024	-1.2	0	1.1	0.023	0.011	0.006	1023
2018	5	11	13	17	7.255	-0.8312	0.488	0.1729	-0.2024	-1	0.1	1	0.017	0.014	0.007	1023
2018	5	11	13	17	7.276	-0.8312	0.4879	0.1731	-0.2023	-1.1	0.1	0.9	0.016	0.02	0	1023
2018	5	11	13	17	7.296	-0.8312	0.4879	0.1733	-0.2022	-1.3	0	1	0.017	0.016	0.003	1023
2018	5	11	13	17	7.317	-0.8312	0.4879	0.1735	-0.2021	-1.5	0	1.1	0.016	0.016	0.003	0
2018	5	11	13	17	7.336	-0.831	0.4881	0.1734	-0.2021	-1.5	0.1	1	0.017	0.012	0.002	0
2018	5	11	13	17	7.355	-0.831	0.4883	0.1734	-0.2021	-1.2	0	1.1	0.018	0.008	-0.004	0
2018	5	11	13	17	7.375	-0.8309	0.4883	0.1736	-0.2021	-0.9	0	1	0.016	0.01	0.004	0
2018	5	11	13	17	7.394	-0.8309	0.4883	0.1736	-0.202	-0.7	-0.1	1	0.015	0.014	0.008	0
2018	5	11	13	17	7.416	-0.8309	0.4884	0.1737	-0.2019	-0.9	0	1.1	0.015	0.012	0.001	0
2018	5	11	13	17	7.453	-0.8308	0.4884	0.1737	-0.202	-0.3	0.1	1.1	0.017	0.011	0	0
2018	5	11	13	17	7.456	-0.8309	0.4883	0.1738	-0.202	-0.3	0.3	0.8	0.02	0.019	0.001	0
2018	5	11	13	17	7.474	-0.8309	0.4883	0.1737	-0.2022	-1.6	0	1	0.018	0.026	0.008	0
2018	5	11	13	17	7.493	-0.8307	0.4886	0.1736	-0.2021	-2.4	-0.2	1.2	0.014	0.014	0.007	0
2018	5	11	13	17	7.53	-0.8306	0.4889	0.1736	-0.202	-2	-0.1	1	0.011	0.005	-0.002	0
2018	5	11	13	17	7.549	-0.8304	0.4892	0.1736	-0.202	-0.7	0.2	0.8	0.017	0.005	-0.001	0
2018	5	11	13	17	7.552	-0.8303	0.4894	0.1735	-0.2022	0	0.4	0.7	0.021	0.011	0	0
2018	5	11	13	17	7.571	-0.8303	0.4893	0.1734	-0.2023	0	0.2	0.9	0.021	0.016	0.008	0
2018	5	11	13	17	7.591	-0.8304	0.4892	0.1734	-0.2024	-0.6	0	0.9	0.021	0.019	0.007	0
2018	5	11	13	17	7.627	-0.8304	0.4892	0.1733	-0.2024	-1.3	0	1.1	0.017	0.017	0.008	0
2018	5	11	13	17	7.65	-0.8303	0.4893	0.1733	-0.2024	-1.6	-0.2	1.1	0.017	0.015	0.004	0
2018	5	11	13	17	7.654	-0.8302	0.4895	0.1733	-0.2024	-1.3	0	1.2	0.017	0.008	-0.001	0
2018	5	11	13	17	7.694	-0.8301	0.4896	0.1733	-0.2024	-0.6	0.2	1	0.018	0.007	0.005	0
2018	5	11	13	17	7.715	-0.8302	0.4894	0.1735	-0.2024	-0.4	0.1	0.9	0.015	0.013	0.003	0
2018	5	11	13	17	7.719	-0.8302	0.4894	0.1736	-0.2023	-0.4	0	1	0.017	0.015	0.003	0
2018	5	11	13	17	7.74	-0.8302	0.4893	0.1737	-0.2023	-0.5	0.3	0.9	0.018	0.016	0.007	0
2018	5	11	13	17	7.76	-0.8302	0.4894	0.1736	-0.2024	-0.8	0.3	1	0.016	0.018	0.002	0
2018	5	11	13	17	7.775	-0.8302	0.4893	0.1738	-0.2024	-0.7	0.1	1	0.015	0.01	0.007	0
2018	5	11	13	17	7.795	-0.8302	0.4893	0.1739	-0.2024	-0.3	0.1	0.9	0.016	0.009	0.004	0
2018	5	11	13	17	7.814	-0.8302	0.4893	0.1739	-0.2024	-0.1	0.3	1	0.017	0.01	0	0
2018	5	11	13	17	7.836	-0.8301	0.4894	0.1738	-0.2025	0	0.3	0.8	0.02	0.013	0.004	0
2018	5	11	13	17	7.855	-0.8302	0.4892	0.1738	-0.2026	-0.2	0.4	1	0.018	0.016	0.007	0
2018	5	11	13	17	7.895	-0.8302	0.4892	0.1738	-0.2027	-0.8	0.1	1	0.019	0.013	0.008	0
2018	5	11	13	17	7.916	-0.8302	0.4892	0.1739	-0.2026	-1	0.1	1	0.017	0.015	0.008	0
2018	5	11	13	17	7.92	-0.8301	0.4893	0.1738	-0.2027	-1	0.3	1.1	0.018	0.016	0.004	0
2018	5	11	13	17	7.939	-0.83	0.4896	0.1736	-0.2029	-1	0.1	1	0.014	0.015	0.003	0
2018	5	11	13	17	7.957	-0.8299	0.4898	0.1736	-0.2028	-0.8	0.3	1.1	0.015	0.009	0.001	0
2018	5	11	13	17	7.976	-0.8298	0.4898	0.1736	-0.2029	-0.7	0.1	1	0.014	0.008	0.001	0
2018	5	11	13	17	7.995	-0.8298	0.4898	0.1736	-0.203	-0.6	0.3	1	0.017	0.016	0.003	0
2018	5	11	13	17	8.012	-0.8299	0.4897	0.1737	-0.2029	-0.7	0.3	0.9	0.017	0.013	0.006	0
2018	5	11	13	17	8.038	-0.8298	0.4897	0.1737	-0.203	-0.6	0	1	0.016	0.007	0.007	0
2018	5	11	13	17	8.057	-0.8298	0.4898	0.1736	-0.2031	-0.5	0.2	0.9	0.015	0.01	0.005	0
2018	5	11	13	17	8.077	-0.8298	0.4897	0.1736	-0.2031	-0.1	0	0.9	0.014	0.013	0.005	0
2018	5	11	13	17	8.116	-0.8299	0.4896	0.1737	-0.2031	-0.1	0.2	1	0.015	0.014	0.001	0
2018	5	11	13	17	8.135	-0.8299	0.4895	0.1738	-0.2031	-0.2	0.2	1	0.016	0.017	0.002	0
2018	5	11	13	17	8.139	-0.8299	0.4894	0.1738	-0.2032	-0.5	0.2	0.9	0.018	0.012	0.006	0
2018	5	11	13	17	8.159	-0.83	0.4893	0.1739	-0.2032	-0.7	0.1	1	0.02	0.014	0.005	0
2018	5	11	13	17	8.178	-0.83	0.4892	0.1741	-0.2031	-1.2	0.1	1	0.02	0.01	0.003	0
2018	5	11	13	17	8.197	-0.83	0.4893	0.1742	-0.2031	-0.6	0.1	1.1	0.015	0.01	0.004	1023
2018	5	11	13	17	8.218	-0.8299	0.4895	0.174	-0.2033	-0.5	0.1	0.9	0.017	0.011	0.006	1023
2018	5	11	13	17	8.257	-0.8299	0.4894	0.174	-0.2033	-0.4	0.1	1	0.015	0.014	0.003	1023
2018	5	11	13	17	8.276	-0.8299	0.4894	0.1741	-0.2033	-0.9	0.2	1	0.018	0.013	0.004	1023
2018	5	11	13	17	8.279	-0.8299	0.4894	0.1741	-0.2033	-0.6	0.3	1	0.017	0.017	0.006	1023
2018	5	11	13	17	8.298	-0.8298	0.4894	0.1741	-0.2034	-0.9	0.3	1	0.014	0.011	0.007	1023
2018	5	11	13	17	8.318	-0.8297	0.4896	0.174	-0.2035	-0.9	0.3	1.1	0.016	0.01	-0.001	1023
2018	5	11	13	17	8.341	-0.8297	0.4897	0.1741	-0.2035	-0.7	0.3	1	0.016	0.007	0.002	1023
2018	5	11	13	17	8.36	-0.8296	0.4898	0.174	-0.2036	-0.2	0.2	0.9	0.018	0.01	0.003	1023
2018	5	11	13	17	8.38	-0.8296	0.4897	0.174	-0.2036	-0.1	0.2	1	0.016	0.015	0.006	1023
2018	5	11	13	17	8.4	-0.8297	0.4895	0.1742	-0.2037	-0.1	0.2	0.8	0.014	0.016	0.006	1023
2018	5	11	13	17	8.441	-0.8297	0.4894	0.1743	-0.2037	-0.6	0.3	0.8	0.018	0.017	0.005	1023
2018	5	11	13	17	8.461	-0.8297	0.4894	0.1743	-0.2037	-0.9	0	1.1	0.02	0.014	0.005	1023
2018	5	11	13	17	8.466	-0.8296	0.4896	0.1742	-0.2038	-1.2	0.1	1	0.014	0.01	0	1023
2018	5	11	13	17	8.485	-0.8295	0.4898	0.1742	-0.2037	-1	0	1	0.018	0.006	0.003	1023
2018	5	11	13	17	8.504	-0.8295	0.4898	0.1743	-0.2037	-0.2	0	0.8	0.016	0.008	0.002	1023
2018	5	11	13	17	8.522	-0.8295	0.4898	0.1743	-0.2037	0	0.2	0.9	0.014	0.013	0.005	1023
2018	5	11	13	17	8.541	-0.8296	0.4896	0.1744	-0.2037	0	0.2	1	0.017	0.012	0.006	0
2018	5	11	13	17	8.561	-0.8296	0.4894	0.1745	-0.2038	0.3	0.5	1	0.016	0.014	0.002	0
2018	5	11	13	17	8.601	-0.8296	0.4895	0.1743	-0.204	-0.4	0.5	0.7	0.021	0.024	0.01	0
2018	5	11	13	17	8.62	-0.8296	0.4895	0.1743	-0.2041	-2	0	0.8	0.02	0.026	0.014	0
2018	5	11	13	17	8.625	-0.8294	0.4899	0.1741	-0.2042	-2.4	-0.1	1.3	0.016	0.011	0.009	0
2018	5	11	13	17	8.643	-0.8291	0.4904	0.1739	-0.2041	-1.5	0	1	0.011	0	-0.002	0
2018	5	11	13	17	8.664	-0.829	0.4906	0.174	-0.2042	-0.1	0.3	0.7	0.013	0	-0.002	0
2018	5	11	13	17	8.684	-0.829	0.4905	0.174	-0.2043	0.6	0.5	0.7	0.019	0.014	0.003	0
2018	5	11	13	17	8.703	-0.8291	0.4902	0.1741	-0.2043	0.5	0.3	0.8	0.021	0.019	0.008	0
2018	5	11	13	17	8.722	-0.8293	0.4899	0.1742	-0.2044	-0.1	0.1	1	0.018	0.022	0.009	0
2018	5	11	13	17	8.743	-0.8293	0.4899	0.1741	-0.2044	-0.9	-0.1	1.1	0.016	0.016	0.002	0
2018	5	11	13	17	8.763	-0.8292	0.49	0.1741	-0.2044	-1.3	-0.1	1.2	0.013	0.011	0	0
2018	5	11	13	17	8.801	-0.8292	0.4901	0.1741	-0.2044	-0.7	0	1.1	0.016	0.005	-0.003	0
2018	5	11	13	17	8.821	-0.8291	0.4901	0.1743	-0.2043	-0.1	0.3	0.9	0.015	0.007	0.009	0
2018	5	11	13	17	8.826	-0.8292	0.49	0.1745	-0.2043	-0.2	0.2	1	0.014	0.017	0.003	0
2018	5	11	13	17	8.845	-0.8292	0.49	0.1744	-0.2044	-0.5	0.1	1.1	0.013	0.02	0.003	0
2018	5	11	13	17	8.865	-0.8293	0.4898	0.1747	-0.2043	-0.5	0.1	0.9	0.017	0.016	0.004	0
2018	5	11	13	17	8.903	-0.8293	0.4897	0.1748	-0.2043	-0.8	0.3	1	0.019	0.016	0.005	0
2018	5	11	13	17	8.925	-0.8292	0.4898	0.1747	-0.2044	-1	0.1	1	0.018	0.015	0.004	0
2018	5	11	13	17	8.93	-0.8292	0.4899	0.1747	-0.2044	-0.9	0.1	1	0.013	0.009	0.004	0
2018	5	11	13	17	8.944	-0.8291	0.49	0.1746	-0.2045	-0.2	0.3	0.9	0.015	0.008	0	0
2018	5	11	13	17	8.983	-0.8291	0.49	0.1746	-0.2046	0.1	0.3	0.8	0.019	0.012	0.009	0
2018	5	11	13	17	9.002	-0.8291	0.4899	0.1744	-0.2048	0	0.4	0.8	0.021	0.017	0.008	0
2018	5	11	13	17	9.008	-0.8291	0.49	0.1744	-0.2049	-0.6	0.2	0.8	0.017	0.022	0.005	0
2018	5	11	13	17	9.025	-0.829	0.4901	0.1743	-0.205	-1.3	0.1	0.8	0.017	0.021	0.006	0
2018	5	11	13	17	9.064	-0.8289	0.4902	0.1744	-0.2049	-1.7	0.1	1	0.021	0.014	0.004	0
2018	5	11	13	17	9.068	-0.8289	0.4903	0.1746	-0.2048	-1.4	0	1	0.019	0.007	0	0
2018	5	11	13	17	9.084	-0.8288	0.4904	0.1746	-0.2048	-0.7	-0.1	1	0.016	0.003	0	0
2018	5	11	13	17	9.124	-0.8287	0.4905	0.1747	-0.2048	-0.2	0.3	0.9	0.017	0.008	0.001	0
2018	5	11	13	17	9.144	-0.8288	0.4904	0.1747	-0.2049	-0.1	0.3	1	0.014	0.016	0.004	0
2018	5	11	13	17	9.149	-0.8288	0.4904	0.1746	-0.205	-0.2	0	1	0.013	0.019	0.006	0
2018	5	11	13	17	9.164	-0.8288	0.4903	0.1747	-0.2049	-0.8	0	1.1	0.015	0.018	0.005	0
2018	5	11	13	17	9.204	-0.8288	0.4902	0.1749	-0.2048	-0.9	0	1.1	0.016	0.013	0.003	0
2018	5	11	13	17	9.224	-0.8287	0.4904	0.175	-0.2048	-0.4	0.1	1	0.017	0.009	0	0
2018	5	11	13	17	9.228	-0.8287	0.4904	0.175	-0.2048	-0.3	0.3	1	0.017	0.01	0.006	0
2018	5	11	13	17	9.247	-0.8286	0.4905	0.1748	-0.205	-0.3	0.3	0.8	0.015	0.011	0.003	0
2018	5	11	13	17	9.265	-0.8286	0.4905	0.1747	-0.2051	-0.4	0.2	1	0.021	0.012	0.007	0
2018	5	11	13	17	9.303	-0.8287	0.4904	0.1747	-0.2052	-0.5	0.2	1	0.019	0.016	0.005	0
2018	5	11	13	17	9.324	-0.8287	0.4903	0.1748	-0.2052	-0.6	0.2	1	0.017	0.015	0.003	0
2018	5	11	13	17	9.33	-0.8286	0.4904	0.1747	-0.2053	-0.7	0.3	1	0.017	0.016	0.001	0
2018	5	11	13	17	9.351	-0.8286	0.4905	0.1747	-0.2054	-1	0.1	1	0.018	0.015	0.006	0
2018	5	11	13	17	9.368	-0.8286	0.4904	0.1749	-0.2053	-1	0.1	1	0.019	0.009	0.003	0
2018	5	11	13	17	9.405	-0.8286	0.4905	0.1749	-0.2053	-0.9	0.1	1	0.02	0.012	0.003	0
2018	5	11	13	17	9.424	-0.8285	0.4905	0.1749	-0.2053	-0.8	0.1	0.9	0.016	0.011	0.003	1023
2018	5	11	13	17	9.426	-0.8285	0.4906	0.1749	-0.2054	-0.6	0.2	1	0.016	0.009	0.003	1023
2018	5	11	13	17	9.443	-0.8285	0.4906	0.1749	-0.2054	-0.6	0.1	1	0.019	0.014	0.007	1023
2018	5	11	13	17	9.465	-0.8285	0.4906	0.175	-0.2054	-0.5	0.1	0.9	0.014	0.013	0.005	1023
2018	5	11	13	17	9.504	-0.8285	0.4905	0.175	-0.2054	-0.7	0.3	0.9	0.016	0.017	0.005	1023
2018	5	11	13	17	9.527	-0.8284	0.4906	0.1749	-0.2055	-0.6	0.2	0.9	0.014	0.013	0.005	1023
2018	5	11	13	17	9.532	-0.8284	0.4906	0.175	-0.2055	-0.6	0.2	0.8	0.016	0.013	0.007	1023
2018	5	11	13	17	9.55	-0.8285	0.4905	0.1751	-0.2056	-0.4	0.3	1	0.017	0.01	0.006	1023
2018	5	11	13	17	9.57	-0.8284	0.4906	0.1749	-0.2057	-0.1	0.3	1.1	0.016	0.01	0.01	1023
2018	5	11	13	17	9.591	-0.8284	0.4905	0.1749	-0.2058	0	0.2	1.1	0.014	0.014	0.005	1023
2018	5	11	13	17	9.612	-0.8285	0.4905	0.1749	-0.2058	-0.5	0.2	1	0.018	0.019	0.003	1023
2018	5	11	13	17	9.65	-0.8285	0.4904	0.1748	-0.2058	-0.7	0.1	1	0.015	0.016	0.008	1023
2018	5	11	13	17	9.667	-0.8285	0.4904	0.1749	-0.2058	-1	0	0.9	0.015	0.014	0.001	1023
2018	5	11	13	17	9.672	-0.8284	0.4905	0.1751	-0.2057	-1.1	0	1.1	0.017	0.014	0.002	1023
2018	5	11	13	17	9.691	-0.8284	0.4904	0.1753	-0.2057	-0.7	0.3	0.9	0.014	0.012	0.004	1023
2018	5	11	13	17	9.714	-0.8284	0.4904	0.1753	-0.2057	-0.2	0.1	0.9	0.016	0.011	0.006	1023
2018	5	11	13	17	9.733	-0.8285	0.4903	0.1755	-0.2057	-0.2	0.3	1	0.014	0.006	0.004	1023
2018	5	11	13	17	9.753	-0.8285	0.4902	0.1754	-0.2058	0.3	0.5	0.8	0.018	0.01	0.004	1023
2018	5	11	13	17	9.773	-0.8285	0.4902	0.1753	-0.2061	-0.2	0.4	0.7	0.021	0.022	0.015	1023
2018	5	11	13	17	9.79	-0.8285	0.4902	0.1751	-0.2062	-1.6	0	0.8	0.016	0.027	0.011	1023
2018	5	11	13	17	9.809	-0.8284	0.4903	0.1753	-0.2061	-2.4	-0.2	1.2	0.013	0.012	0.005	1023
2018	5	11	13	17	9.83	-0.8282	0.4906	0.1754	-0.2059	-1.7	0.1	1	0.013	-0.001	-0.01	1023
2018	5	11	13	17	9.868	-0.828	0.491	0.1753	-0.206	-0.1	0.3	0.7	0.016	0.004	-0.009	1023
2018	5	11	13	17	9.889	-0.8279	0.4911	0.175	-0.2063	0.9	0.4	0.7	0.022	0.013	0	1023
2018	5	11	13	17	9.893	-0.828	0.491	0.1749	-0.2065	0.6	0.4	0.8	0.022	0.022	0.014	1023
2018	5	11	13	17	9.928	-0.8281	0.4907	0.1749	-0.2065	0	0	1	0.021	0.021	0.015	0
2018	5	11	13	17	9.949	-0.8281	0.4908	0.1747	-0.2065	-1	-0.2	1.1	0.017	0.016	0.003	0
2018	5	11	13	17	9.953	-0.8281	0.4909	0.1747	-0.2065	-1.3	-0.2	1.3	0.014	0.011	0	0
2018	5	11	13	17	9.992	-0.8281	0.4908	0.175	-0.2064	-0.8	0.1	1.2	0.016	0.006	0	0
2018	5	11	13	17	10.013	-0.8281	0.4907	0.1751	-0.2063	-0.2	0.2	1	0.016	0.009	0.001	0
2018	5	11	13	17	10.018	-0.8282	0.4905	0.1752	-0.2064	-0.2	0.3	0.8	0.014	0.016	0.005	0
2018	5	11	13	17	10.033	-0.8282	0.4905	0.1752	-0.2064	-0.4	0.2	1	0.014	0.02	0.004	0
2018	5	11	13	17	10.053	-0.8281	0.4906	0.1751	-0.2065	-0.4	0.3	1	0.014	0.015	0.002	0
2018	5	11	13	17	10.074	-0.8281	0.4906	0.1753	-0.2065	-0.3	0.1	0.8	0.02	0.014	0.001	0
2018	5	11	13	17	10.092	-0.8281	0.4906	0.1753	-0.2065	-1	0.1	0.9	0.014	0.011	0.004	0
2018	5	11	13	17	10.133	-0.828	0.4908	0.1751	-0.2066	-0.8	0	1.1	0.015	0.001	0.004	0
2018	5	11	13	17	10.153	-0.828	0.4907	0.1753	-0.2066	0.1	0.3	0.8	0.017	0.009	-0.003	0
2018	5	11	13	17	10.157	-0.828	0.4907	0.1752	-0.2068	0.2	0.8	0.8	0.017	0.015	0.007	0
2018	5	11	13	17	10.174	-0.8281	0.4904	0.1754	-0.2069	-0.4	0.5	0.5	0.022	0.022	0.02	0
2018	5	11	13	17	10.195	-0.8281	0.4904	0.1752	-0.2071	-1.8	0.6	0.7	0.018	0.034	0.017	0
2018	5	11	13	17	10.216	-0.8279	0.4907	0.1752	-0.2071	-3.8	0.7	1.1	0.021	0.015	0.009	0
2018	5	11	13	17	10.256	-0.8275	0.4913	0.1754	-0.2071	-4.9	0.9	0.8	0.027	0.014	0.004	0
2018	5	11	13	17	10.261	-0.8271	0.492	0.1757	-0.2071	-5.7	1.4	0.7	0.028	0.009	0.003	0
2018	5	11	13	17	10.277	-0.8264	0.493	0.1759	-0.2072	-8.2	2.3	0.5	0.022	0.048	-0.003	0
2018	5	11	13	17	10.295	-0.8256	0.4941	0.1766	-0.2071	-11.3	2.3	1.4	0.019	0.028	0.004	0
2018	5	11	13	17	10.314	-0.8243	0.496	0.1775	-0.2068	-16.9	3.6	2.4	0.022	0.015	-0.004	0
2018	5	11	13	17	10.334	-0.8227	0.4982	0.179	-0.2066	-15.5	6.1	1.7	0.035	-0.005	-0.013	0
2018	5	11	13	17	10.355	-0.8212	0.4999	0.1807	-0.207	-12.7	11.2	0.3	0.042	0.017	-0.039	0
2018	5	11	13	17	10.376	-0.8206	0.4995	0.1826	-0.2087	16.8	21.5	0.8	0.422	-0.52	-0.019	0
2018	5	11	13	17	10.398	-0.8237	0.4913	0.1844	-0.2147	41.2	26.3	-15.2	0.069	0.107	0.203	0
2018	5	11	13	17	10.417	-0.8256	0.4847	0.1861	-0.2208	31.3	27	-20.5	0.03	0.049	0.294	0
2018	5	11	13	17	10.437	-0.8268	0.4789	0.1873	-0.2276	41.4	29.1	-30.6	-0.009	-0.009	0.267	0
2018	5	11	13	17	10.453	-0.829	0.4706	0.1875	-0.2367	75.2	34.3	-35.4	-0.031	-0.007	0.275	0
2018	5	11	13	17	10.494	-0.8331	0.4578	0.1861	-0.2482	77	35.6	-48	-0.095	0.218	0.219	0
2018	5	11	13	17	10.514	-0.8366	0.4456	0.184	-0.26	85.6	23	-49.2	-0.19	0.13	0.533	1023
2018	5	11	13	17	10.519	-0.8408	0.4341	0.1778	-0.27	67.6	-12	-47.5	-0.137	0.42	0.589	1023
2018	5	11	13	17	10.536	-0.8425	0.4314	0.1696	-0.2742	-4.6	-48.2	-36.1	-0.094	0.404	0.483	1023
2018	5	11	13	17	10.554	-0.8411	0.4385	0.1602	-0.2728	-34.3	-72.9	-23.6	-0.098	0.258	0.37	1023
2018	5	11	13	17	10.576	-0.8407	0.4456	0.1488	-0.2689	-17.7	-85.1	-22.7	-0.115	0.347	0.359	1023
2018	5	11	13	17	10.597	-0.8418	0.4507	0.1351	-0.2642	7.6	-97.9	-18	-0.22	0.235	0.309	1023
2018	5	11	13	17	10.617	-0.8451	0.4526	0.119	-0.2581	13.2	-108.9	-7.2	-0.346	0.337	0.27	1023
2018	5	11	13	17	10.637	-0.8483	0.4554	0.1024	-0.2497	8.4	-112.7	1.2	-0.366	0.344	0.132	1023
2018	5	11	13	17	10.659	-0.851	0.4589	0.0867	-0.24	-5.8	-110.2	10	-0.345	0.482	0.076	1023
2018	5	11	13	17	10.695	-0.8527	0.464	0.0729	-0.2282	-8.7	-108.1	25.5	-0.312	0.373	0.085	1023
2018	5	11	13	17	10.715	-0.8564	0.4657	0.0598	-0.2145	27.9	-107.7	42.2	-0.356	0.266	0.138	1023
2018	5	11	13	17	10.72	-0.863	0.4622	0.0466	-0.1983	47.2	-108.3	61	-0.338	0.374	0.016	0
2018	5	11	13	17	10.74	-0.8696	0.4585	0.0354	-0.1793	37.9	-101.8	80.2	-0.275	0.427	-0.214	0
2018	5	11	13	17	10.757	-0.8771	0.4526	0.0274	-0.158	66	-85.4	104.8	-0.239	0.452	-0.253	0
2018	5	11	13	17	10.779	-0.8878	0.4397	0.0227	-0.1338	109.1	-73.7	136.4	-0.338	0.555	-0.182	0
2018	5	11	13	17	10.815	-0.9	0.4224	0.0212	-0.1046	109.3	-70.1	176	-0.441	0.831	-0.246	0
2018	5	11	13	17	10.835	-0.9112	0.4054	0.0236	-0.0683	109.1	-64.5	223.6	-0.572	0.668	-0.473	0
2018	5	11	13	17	10.839	-0.9213	0.3865	0.0311	-0.026	103.8	-43.6	262.7	-0.743	0.777	-0.579	0
2018	5	11	13	17	10.861	-0.9276	0.3701	0.0442	0.0212	68.8	-30.8	298.9	-0.963	0.688	-0.714	0
2018	5	11	13	17	10.881	-0.9302	0.3547	0.0607	0.0722	76.4	-17.1	316.8	-1.046	0.416	-0.657	0
2018	5	11	13	17	10.902	-0.9306	0.3348	0.08	0.124	106.1	-10.2	320.3	-1.028	-0.003	-0.497	0
2018	5	11	13	17	10.922	-0.9281	0.3139	0.0991	0.1734	61.8	-6.8	302.5	-0.901	0.05	-0.322	0
2018	5	11	13	17	10.94	-0.919	0.304	0.1154	0.2228	-22.9	-5	303.5	-1.041	-0.09	-0.598	0
2018	5	11	13	17	10.96	-0.9045	0.3009	0.131	0.2719	-37.5	6.5	293.5	-1.105	-0.744	-0.393	0
2018	5	11	13	17	10.996	-0.8874	0.3012	0.1456	0.3168	-72.1	10.5	268.6	-0.743	-0.803	-0.268	0
2018	5	11	13	17	11.017	-0.8673	0.3056	0.1575	0.3598	-90.9	10.9	263.2	-0.582	-0.852	-0.392	0
2018	5	11	13	17	11.022	-0.845	0.3107	0.1697	0.4006	-84.1	28	253.6	-0.477	-0.958	-0.379	0
2018	5	11	13	17	11.039	-0.8204	0.318	0.1829	0.4385	-139.7	45.9	241.8	-0.32	-0.468	-0.695	0
2018	5	11	13	17	11.073	-0.7888	0.3382	0.1902	0.4765	-223.2	60	237.1	-0.425	-0.766	-1.016	0
2018	5	11	13	17	11.095	-0.7536	0.3639	0.1946	0.5115	-220	72.5	210.5	-0.478	-0.82	-1.031	0
2018	5	11	13	17	11.102	-0.7201	0.3877	0.2	0.5394	-184.9	84.8	184.2	-0.379	-0.499	-0.674	0
2018	5	11	13	17	11.137	-0.6889	0.4071	0.2096	0.5617	-138.2	106.5	179.5	-0.072	-0.259	-0.77	0
2018	5	11	13	17	11.158	-0.6583	0.4236	0.2245	0.5803	-114.9	115.9	189.7	-0.035	0.252	-0.496	0
2018	5	11	13	17	11.161	-0.6416	0.4208	0.2546	0.5885	159.2	117.9	96.2	0.088	-1.534	0.76	0
2018	5	11	13	17	11.178	-0.6508	0.4012	0.2828	0.579	146.1	3.1	-41	0.2	-1.716	2.375	0
2018	5	11	13	17	11.2	-0.6594	0.3933	0.2772	0.5774	-63.5	-43.5	-14.5	1.153	-0.614	0.271	0
2018	5	11	13	17	11.22	-0.6541	0.397	0.2712	0.5837	-59.8	38.4	25.7	-0.583	-1.308	1.513	0
2018	5	11	13	17	11.24	-0.6441	0.4026	0.2704	0.5914	-110.1	-3.7	52.1	-1.22	0.71	0.211	0
2018	5	11	13	17	11.278	-0.6358	0.4055	0.2591	0.6033	-86.2	-52	12.8	-0.837	0.593	0.007	0
2018	5	11	13	17	11.299	-0.6384	0.4022	0.2433	0.6093	-43.7	-85.7	-44.2	-0.115	0.183	-0.164	0
2018	5	11	13	17	11.302	-0.6475	0.394	0.2238	0.6126	-39.5	-114.7	-55.3	-0.377	-0.077	-0.194	0
2018	5	11	13	17	11.321	-0.653	0.3875	0.2025	0.6182	-57.7	-91.5	-21.4	0.224	-0.479	0.507	0
2018	5	11	13	17	11.34	-0.6548	0.38	0.1867	0.6259	-40.3	-76.2	11.6	0.403	-0.23	-0.137	0
2018	5	11	13	17	11.363	-0.655	0.3712	0.1778	0.6336	-13.3	-72	27.4	-0.232	-0.073	0.228	0
2018	5	11	13	17	11.381	-0.6546	0.3612	0.1671	0.6426	-37.7	-89.3	22	-0.197	0.12	-0.08	0
2018	5	11	13	17	11.4	-0.6527	0.3531	0.1506	0.653	-78.8	-101.6	24.4	0.184	-0.027	-0.103	0
2018	5	11	13	17	11.421	-0.6503	0.3454	0.1313	0.6636	-54.3	-104.1	16.3	0.183	-0.082	-0.306	0
2018	5	11	13	17	11.441	-0.6534	0.3323	0.118	0.6697	17.6	-111.5	-13.3	-0.462	0.082	0.157	1023
2018	5	11	13	17	11.463	-0.6604	0.3137	0.1026	0.6743	-14.9	-134.9	-18.1	0.17	0.342	-0.291	1023
2018	5	11	13	17	11.483	-0.6643	0.2985	0.0808	0.6804	-55.2	-150.1	-8.3	0.395	0.311	-0.372	1023
2018	5	11	13	17	11.503	-0.6681	0.2672	0.0286	0.6938	-51.6	-220	-25.6	-0.372	-0.211	0.171	1023
2018	5	11	13	17	11.523	-0.6699	0.2433	-0.0112	0.7012	-89.6	-260.2	-9.1	0.298	0.063	-0.584	1023
2018	5	11	13	17	11.545	-0.6668	0.2151	-0.0531	0.7114	-40.3	-286.8	33.9	0.368	-0.095	-0.433	1023
2018	5	11	13	17	11.564	-0.6512	0.1814	-0.0938	0.7308	-72.6	-326.2	110.4	-0.238	-0.566	-0.066	1023
2018	5	11	13	17	11.585	-0.6293	0.1433	-0.136	0.7515	-36.3	-345.2	119.6	-0.024	-0.029	-0.182	1023
2018	5	11	13	17	11.605	-0.6049	0.101	-0.1766	0.7698	-16.7	-357.6	118.3	0.236	-0.047	-0.186	1023
2018	5	11	13	17	11.626	-0.5793	0.0481	-0.2023	0.788	118.3	-334.1	131.1	0.663	0.28	0.509	1023
2018	5	11	13	17	11.647	-0.5465	-0.0015	-0.2309	0.8049	-23.9	-354.6	152.2	-0.063	0.547	0.956	1023
2018	5	11	13	17	11.667	-0.5162	-0.0412	-0.2774	0.8091	-75.6	-294.5	72.8	-0.572	-0.548	-0.433	1023
2018	5	11	13	17	11.686	-0.5045	-0.054	-0.2903	0.8113	48.9	32.4	101.6	0.188	-0.502	-0.734	1023
2018	5	11	13	17	11.703	-0.5046	-0.0538	-0.2754	0.8164	109.2	53.1	-39.6	0.515	0.036	-0.104	1023
2018	5	11	13	17	11.741	-0.5098	-0.0618	-0.2585	0.8181	103.6	21.5	-7.3	0.361	-0.057	0.113	1023
2018	5	11	13	17	11.762	-0.5097	-0.0738	-0.2422	0.8222	141.9	-2.7	17.7	0.206	-0.036	0.088	1023
2018	5	11	13	17	11.767	-0.5038	-0.0877	-0.2289	0.8282	82	-20.4	61.7	0.074	0.389	-0.12	1023
2018	5	11	13	17	11.787	-0.4931	-0.095	-0.2265	0.8345	32	-20.2	78.3	-0.173	0.23	0.098	1023
2018	5	11	13	17	11.806	-0.4819	-0.0987	-0.2299	0.8397	0.6	-24	80.2	-0.107	0.119	0.015	1023
2018	5	11	13	17	11.845	-0.4705	-0.0984	-0.235	0.8447	-9.8	-27.1	78.5	-0.034	-0.085	-0.035	0
2018	5	11	13	17	11.866	-0.4596	-0.0981	-0.24	0.8493	-3.6	-27.3	72.8	0.08	-0.008	-0.025	0
2018	5	11	13	17	11.87	-0.4503	-0.1012	-0.2437	0.8529	8.2	-24.7	59.7	0.096	0.154	0.094	0
2018	5	11	13	17	11.887	-0.4424	-0.1041	-0.2489	0.8552	-17.3	-23.2	57.1	0.008	0.165	-0.006	0
2018	5	11	13	17	11.906	-0.4347	-0.1026	-0.2553	0.8574	-21.8	-25.1	56.1	-0.014	-0.184	-0.039	0
2018	5	11	13	17	11.928	-0.427	-0.1057	-0.2618	0.859	3.6	-25.2	51.3	0.043	-0.117	-0.148	0
2018	5	11	13	17	11.945	-0.4198	-0.1079	-0.2625	0.862	10	-24.1	47.7	-0.051	0.127	0.118	0
2018	5	11	13	17	11.984	-0.4135	-0.109	-0.2634	0.8646	0.5	-23.7	43.3	-0.05	0.038	0.021	0
2018	5	11	13	17	11.988	-0.4077	-0.1096	-0.2661	0.8665	-10.7	-24.1	44.3	0.017	-0.058	-0.026	0
2018	5	11	13	17	12.005	-0.4012	-0.1117	-0.272	0.8674	-7.7	-23.4	44	0.086	-0.238	-0.056	0
2018	5	11	13	17	12.045	-0.3955	-0.1149	-0.2766	0.8681	6.2	-15.1	39.7	0.122	-0.209	-0.089	0
2018	5	11	13	17	12.062	-0.3907	-0.1167	-0.2781	0.8696	13.3	-11.1	34.2	-0.003	-0.055	-0.021	0
2018	5	11	13	17	12.065	-0.3866	-0.1167	-0.2778	0.8715	-3.1	-15.5	33	-0.056	0.067	0.1	0
2018	5	11	13	17	12.105	-0.3826	-0.1157	-0.2824	0.872	-39.1	-22.8	36.2	0.031	-0.096	0.066	0
2018	5	11	13	17	12.125	-0.3784	-0.1161	-0.2953	0.8694	-61.5	-27.4	36.6	0.245	-0.383	-0.085	0
2018	5	11	13	17	12.13	-0.3755	-0.117	-0.3098	0.8655	-64.5	-30.6	20.3	0.241	-0.522	-0.041	0
2018	5	11	13	17	12.149	-0.3754	-0.1194	-0.3254	0.8595	-71.1	-40.7	2.7	0.188	-0.569	-0.072	0
2018	5	11	13	17	12.167	-0.3759	-0.1244	-0.3411	0.8525	-68.4	-52.4	0	0.206	-0.502	-0.141	0
2018	5	11	13	17	12.204	-0.3752	-0.1293	-0.3594	0.8445	-89.3	-58.9	11	0.142	-0.488	-0.296	0
2018	5	11	13	17	12.225	-0.3744	-0.1329	-0.3776	0.8363	-72.3	-39.6	2.7	-0.009	-0.368	-0.373	0
2018	5	11	13	17	12.23	-0.3787	-0.136	-0.3883	0.8289	-20.9	0	-39.3	-0.034	-0.124	-0.488	0
2018	5	11	13	17	12.248	-0.3921	-0.1396	-0.3856	0.8233	35.7	46.8	-95.2	-0.112	0.42	-0.402	0
2018	5	11	13	17	12.288	-0.4153	-0.1427	-0.3726	0.8174	58.6	104.3	-134.9	-0.317	0.867	-0.341	0
2018	5	11	13	17	12.308	-0.4424	-0.141	-0.354	0.8118	54.4	128.6	-119.2	-0.824	1.005	0.484	0
2018	5	11	13	17	12.312	-0.463	-0.1397	-0.335	0.8086	104.4	82.1	-72.3	-1.094	0.557	1.663	0
2018	5	11	13	17	12.329	-0.4756	-0.1496	-0.3215	0.805	37	-0.6	-79.5	-0.617	0.753	0.176	0
2018	5	11	13	17	12.348	-0.4857	-0.1586	-0.3214	0.7972	2.3	-11.2	-43.5	0.153	0.167	-0.166	0
2018	5	11	13	17	12.368	-0.4905	-0.1654	-0.3217	0.7927	14.3	-3.4	-17	0.475	-0.048	0.232	0
2018	5	11	13	17	12.388	-0.4936	-0.17	-0.3232	0.7892	-11.1	-2.1	-4.9	0.299	0.294	0.039	0
2018	5	11	13	17	12.408	-0.4952	-0.1701	-0.3275	0.7864	-20.7	-1.4	8.1	0.021	-0.252	-0.073	0
2018	5	11	13	17	12.428	-0.4966	-0.1723	-0.33	0.784	15.1	5.2	1.9	-0.04	-0.318	-0.014	0
2018	5	11	13	17	12.45	-0.4976	-0.1781	-0.3259	0.7838	56.9	8.6	-6.1	-0.024	-0.185	-0.02	0
2018	5	11	13	17	12.476	-0.4992	-0.1835	-0.3162	0.7855	60.6	2.8	-14.6	-0.022	0.231	0.095	0
2018	5	11	13	17	12.488	-0.5008	-0.1923	-0.3121	0.784	29.7	-14.8	-13.7	0.029	0.303	0.114	0
2018	5	11	13	17	12.522	-0.5027	-0.1993	-0.3115	0.7813	10.9	-21	-14.6	0.061	0.085	0.039	0
2018	5	11	13	17	12.543	-0.5047	-0.2041	-0.3109	0.779	14.6	-16.4	-11.1	0.107	-0.063	-0.079	1023
2018	5	11	13	17	12.549	-0.5064	-0.2069	-0.3095	0.7777	7.5	-11.6	-5.1	0	-0.025	-0.051	1023
2018	5	11	13	17	12.587	-0.5072	-0.2083	-0.3098	0.7766	6.2	-11.5	-0.8	0.018	-0.157	-0.065	1023
2018	5	11	13	17	12.608	-0.5078	-0.2079	-0.3092	0.7766	9.7	-0.8	0.8	-0.023	-0.068	-0.048	1023
2018	5	11	13	17	12.61	-0.5087	-0.2068	-0.3064	0.7774	15.9	5.3	2.4	-0.119	-0.055	0.033	1023
2018	5	11	13	17	12.626	-0.5101	-0.2061	-0.3022	0.7783	10.7	5.4	5	-0.015	0.123	0.018	1023
2018	5	11	13	17	12.649	-0.5116	-0.2049	-0.2998	0.7786	-4.5	2.2	8.2	0.003	0.083	0.027	1023
2018	5	11	13	17	12.668	-0.5128	-0.2026	-0.2999	0.7784	-8	-0.4	8.2	0.01	-0.015	0.014	1023
2018	5	11	13	17	12.689	-0.5137	-0.2008	-0.3	0.7782	-5.3	-1	6.7	0.035	-0.001	0	1023
2018	5	11	13	17	12.728	-0.5151	-0.1993	-0.2999	0.7777	-13.2	-0.9	6	0	0.08	0.014	1023
2018	5	11	13	17	12.748	-0.5173	-0.1967	-0.3023	0.776	-43.4	-0.3	8.3	-0.016	0.127	0.014	1023
2018	5	11	13	17	12.75	-0.5209	-0.1899	-0.312	0.7714	-114.3	9.5	7.7	-0.036	0.145	0.08	1023
2018	5	11	13	17	12.789	-0.5276	-0.1773	-0.3323	0.7613	-177	6.9	-3.7	-0.092	0.148	0.259	1023
2018	5	11	13	17	12.81	-0.5373	-0.1595	-0.3631	0.7442	-284	-3.2	-18.6	-0.056	0.433	0.29	0
2018	5	11	13	17	12.814	-0.5504	-0.1307	-0.4148	0.7126	-476.4	-47.7	-38	-0.341	0.437	0.467	0
2018	5	11	13	17	12.834	-0.5621	-0.09	-0.4914	0.659	-650.8	-103.8	-58.2	-0.282	0.184	0.354	0
2018	5	11	13	17	12.872	-0.5654	-0.0416	-0.5813	0.5835	-745.6	-150.8	-61.8	-0.014	0.379	-0.101	0
2018	5	11	13	17	12.893	-0.5558	0.0119	-0.6687	0.4936	-760.8	-170.1	-76	-0.072	0.204	-0.258	0
2018	5	11	13	17	12.896	-0.5385	0.0556	-0.7405	0.398	-632.9	-151.9	-96.1	-0.039	-0.248	-0.705	0
2018	5	11	13	17	12.908	-0.5231	0.0805	-0.7853	0.3209	-392.3	-96.4	-111.3	0.069	-0.435	-0.756	0
2018	5	11	13	17	12.947	-0.5155	0.0881	-0.8087	0.2692	-220.6	-47.3	-107.1	0.104	-0.179	-0.511	0
2018	5	11	13	17	12.968	-0.5138	0.086	-0.8201	0.2363	-105.1	-13.8	-99.1	0.028	-0.315	-0.512	0
2018	5	11	13	17	12.972	-0.5184	0.0764	-0.8233	0.2179	-14.5	24.3	-101.6	-0.163	-0.076	-0.472	0
2018	5	11	13	17	13.01	-0.5282	0.0645	-0.821	0.2065	-7.6	55	-92.9	0.004	0.064	-0.453	0
2018	5	11	13	17	13.03	-0.5412	0.0547	-0.8161	0.1947	-9.7	76.7	-88.3	0.047	0.098	-0.246	0
2018	5	11	13	17	13.032	-0.5559	0.0453	-0.809	0.1852	14.1	85.8	-78.7	-0.005	0.228	-0.037	0
2018	5	11	13	17	13.071	-0.5699	0.0368	-0.8004	0.1817	32	90.1	-68.6	-0.075	0.156	-0.024	0
2018	5	11	13	17	13.092	-0.5835	0.029	-0.7909	0.1815	34.9	84.8	-58.7	-0.007	0.249	0.159	0
2018	5	11	13	17	13.094	-0.5961	0.021	-0.7823	0.1791	25.6	70.5	-45.1	-0.013	0.324	0.299	0
2018	5	11	13	17	13.111	-0.6058	0.0164	-0.7756	0.1762	-4.4	53.1	-26.7	-0.035	0.507	0.317	0
2018	5	11	13	17	13.132	-0.6124	0.0176	-0.7716	0.1706	-29.7	37.3	-12.3	-0.077	0.232	0.281	0
2018	5	11	13	17	13.169	-0.6164	0.0201	-0.7695	0.1654	-27	20.3	-4.8	-0.039	0.186	0.24	0
2018	5	11	13	17	13.19	-0.6181	0.0235	-0.7691	0.1608	-28.4	6.8	3.3	-0.007	0.116	0.143	0
2018	5	11	13	17	13.192	-0.6175	0.0295	-0.769	0.1622	-8	3.4	10.2	-0.003	0.086	0.067	0
2018	5	11	13	17	13.232	-0.6166	0.0347	-0.7683	0.1679	13.3	0.6	16.9	-0.05	0.023	0.126	0
2018	5	11	13	17	13.253	-0.6153	0.0368	-0.7676	0.1749	26.8	-7.1	22.8	-0.068	0.066	0.111	0
2018	5	11	13	17	13.258	-0.612	0.0409	-0.768	0.184	13.4	-13.9	26	-0.035	0.054	-0.019	0
2018	5	11	13	17	13.277	-0.6075	0.0465	-0.7696	0.1908	2	-13.2	22.8	0	-0.041	-0.06	0
2018	5	11	13	17	13.297	-0.6037	0.052	-0.7708	0.1965	7.8	-9.2	16.4	0.032	-0.184	-0.025	0
2018	5	11	13	17	13.314	-0.601	0.0553	-0.7709	0.2031	20.3	-7.6	9.9	0.036	-0.12	-0.008	0
2018	5	11	13	17	13.334	-0.5985	0.0569	-0.7711	0.2094	20	-7.7	5.7	0.009	-0.002	-0.042	0
2018	5	11	13	17	13.354	-0.5961	0.0586	-0.7714	0.2146	14.5	-7.4	5	-0.019	-0.034	-0.016	0
2018	5	11	13	17	13.376	-0.5948	0.058	-0.7714	0.2183	25.9	-8.9	-2	-0.072	-0.195	0.096	0
2018	5	11	13	17	13.395	-0.5941	0.0532	-0.7717	0.2204	28.6	-15	-12.9	0.014	-0.167	0.086	0
2018	5	11	13	17	13.417	-0.5918	0.0514	-0.7724	0.2243	8.5	-22.5	-18.9	0.025	-0.032	0.077	1023
2018	5	11	13	17	13.437	-0.5883	0.051	-0.7752	0.224	-22.3	-29.7	-22.2	-0.023	0.08	0.006	1023
2018	5	11	13	17	13.475	-0.5831	0.0544	-0.7809	0.2167	-79.6	-32.2	-26.5	-0.024	0.062	-0.059	1023
2018	5	11	13	17	13.479	-0.5774	0.062	-0.7884	0.2026	-107.7	-29.8	-32.1	0.027	-0.053	-0.086	1023
2018	5	11	13	17	13.495	-0.572	0.0696	-0.7954	0.1874	-99.6	-24.8	-33.2	0.021	0.065	-0.056	1023
2018	5	11	13	17	13.533	-0.5674	0.0768	-0.8015	0.172	-106.1	-23.4	-29.1	-0.013	0.111	0.065	1023
2018	5	11	13	17	13.554	-0.5627	0.0849	-0.8069	0.1576	-95.9	-24.1	-26.4	-0.022	0.031	0.05	1023
2018	5	11	13	17	13.557	-0.5575	0.0914	-0.812	0.1459	-71	-24.9	-22.5	0.001	0.01	-0.011	1023
2018	5	11	13	17	13.595	-0.5526	0.0951	-0.8161	0.1391	-35.9	-23.4	-15.8	0.001	0.169	0.028	1023
2018	5	11	13	17	13.597	-0.5492	0.096	-0.8194	0.1323	-36	-24.5	-5.7	0	0.249	0.038	1023
2018	5	11	13	17	13.615	-0.5445	0.0998	-0.8229	0.1275	-37.3	-24.9	-0.1	-0.02	0.083	-0.035	1023
2018	5	11	13	17	13.634	-0.5393	0.1041	-0.8263	0.1238	-33.2	-22	3.5	0	0.069	-0.127	1023
2018	5	11	13	17	13.654	-0.536	0.1078	-0.8289	0.1177	-49.8	-19.5	7.1	0	0.165	-0.105	0
2018	5	11	13	17	13.693	-0.5315	0.1153	-0.832	0.1089	-76.8	-17.3	8.5	0.008	0.053	-0.068	0
2018	5	11	13	17	13.715	-0.5262	0.1251	-0.8348	0.1018	-61.5	-11.7	5.7	0.021	-0.121	-0.037	0
2018	5	11	13	17	13.718	-0.5225	0.1321	-0.8364	0.0987	-32.1	-9.5	5.2	0.01	0.001	0.031	0
2018	5	11	13	17	13.738	-0.5191	0.1375	-0.8379	0.0968	-31.8	-10.5	7.1	-0.011	0.111	-0.009	0
2018	5	11	13	17	13.759	-0.5151	0.1437	-0.8396	0.0945	-35	-12.5	9.9	-0.02	-0.002	0.03	0
2018	5	11	13	17	13.796	-0.5114	0.1495	-0.8409	0.0943	-17.8	-15.2	8.3	-0.011	-0.073	0.041	0
2018	5	11	13	17	13.816	-0.5077	0.1533	-0.8423	0.0959	-7.1	-15.7	4.9	0.011	-0.014	-0.017	0
2018	5	11	13	17	13.819	-0.5038	0.1564	-0.8439	0.0967	-14.6	-15	3.9	0.012	0.05	-0.067	0
2018	5	11	13	17	13.834	-0.4996	0.1606	-0.8458	0.095	-29.8	-11.8	5.2	0.009	0.028	-0.071	0
2018	5	11	13	17	13.856	-0.496	0.1655	-0.8472	0.0934	-20.1	-5.7	4.6	0.002	-0.083	-0.086	0
2018	5	11	13	17	13.894	-0.4934	0.1693	-0.848	0.0932	-16.7	-1.2	0.6	0.01	-0.053	-0.119	0
2018	5	11	13	17	13.913	-0.4915	0.1728	-0.8486	0.0906	-32	2.7	-3.4	0.03	0.011	-0.07	0
2018	5	11	13	17	13.915	-0.4901	0.1769	-0.8491	0.0861	-34.7	5.9	-4.6	0.018	0.011	0.002	0
2018	5	11	13	17	13.937	-0.4896	0.1806	-0.8489	0.0825	-24.2	6.2	-2.3	0.005	0.018	0.064	0
2018	5	11	13	17	13.958	-0.4894	0.1837	-0.8485	0.0813	-11	2.2	0.9	-0.011	0.056	0.092	0
2018	5	11	13	17	13.998	-0.4886	0.1862	-0.8484	0.0817	-3.4	-2.3	3.5	0.005	0.062	0.047	0
2018	5	11	13	17	14.018	-0.4873	0.1884	-0.8486	0.0824	-4.9	-5.2	3.9	0.014	0.099	0.017	0
2018	5	11	13	17	14.023	-0.4852	0.1913	-0.8492	0.082	-14.9	-4.8	6.7	0.018	0.098	-0.027	0
2018	5	11	13	17	14.04	-0.483	0.1953	-0.8496	0.0813	-13.9	-2.6	9.8	-0.003	0.011	-0.039	0
2018	5	11	13	17	14.059	-0.481	0.1996	-0.8497	0.0817	-11.2	-0.6	8.6	-0.023	-0.083	-0.05	0
2018	5	11	13	17	14.078	-0.4797	0.2033	-0.8495	0.0821	-14.1	-0.4	1	0.004	-0.136	-0.032	0
2018	5	11	13	17	14.115	-0.4786	0.2061	-0.8496	0.0808	-18.6	2	-6.9	0.03	-0.125	-0.029	0
2018	5	11	13	17	14.134	-0.4785	0.2074	-0.8494	0.0795	-4.4	3.5	-12.5	0.012	-0.133	0.056	0
2018	5	11	13	17	14.139	-0.4802	0.2044	-0.8494	0.0773	14.9	0.2	-17.2	-0.039	-0.141	0.069	0
2018	5	11	13	17	14.18	-0.4811	0.2009	-0.8495	0.0798	28.1	-2	-21.3	0	-0.029	0.014	0
2018	5	11	13	17	14.198	-0.4815	0.1965	-0.85	0.0829	26.6	-1.1	-21.4	0.039	0.09	-0.042	0
2018	5	11	13	17	14.202	-0.4829	0.192	-0.8502	0.0831	17.3	1.7	-16.4	0.025	0.183	-0.064	0
2018	5	11	13	17	14.241	-0.4847	0.189	-0.85	0.082	6.5	2.5	-6	-0.001	0.284	-0.031	0
2018	5	11	13	17	14.245	-0.4858	0.1889	-0.8496	0.0799	-9.9	1.2	5	-0.003	0.265	-0.011	0
2018	5	11	13	17	14.261	-0.486	0.1916	-0.8492	0.0766	-20.6	1	14.7	0.018	0.187	-0.003	0
2018	5	11	13	17	14.281	-0.4851	0.1966	-0.8487	0.0744	-21.4	1.2	20.1	0.016	0.133	0.006	0
2018	5	11	13	17	14.301	-0.4834	0.2035	-0.8482	0.0728	-31.8	-0.8	22	-0.022	-0.008	0.069	1023
2018	5	11	13	17	14.321	-0.4817	0.21	-0.8478	0.0702	-28.8	-4.8	17	-0.009	-0.197	0.055	1023
2018	5	11	13	17	14.358	-0.4807	0.2133	-0.8478	0.067	-11.3	-5.8	8.5	0.006	-0.229	0.006	1023
2018	5	11	13	17	14.379	-0.4796	0.2154	-0.8478	0.0678	-0.1	-3.4	-1.6	0.004	-0.199	-0.041	1023
2018	5	11	13	17	14.383	-0.4791	0.216	-0.8478	0.07	11	0.3	-10.5	-0.001	-0.144	-0.044	1023
2018	5	11	13	17	14.403	-0.4793	0.2144	-0.8479	0.0726	18.4	1.2	-14.2	0	0.021	-0.011	1023
2018	5	11	13	17	14.423	-0.4795	0.2125	-0.8481	0.0741	11.2	0.5	-10.8	0.004	0.151	0.008	1023
2018	5	11	13	17	14.463	-0.4806	0.2107	-0.848	0.0726	1.8	0.4	-4	0.026	0.178	-0.02	1023
2018	5	11	13	17	14.483	-0.4816	0.2106	-0.8477	0.0705	-4.3	1	3.8	0.031	0.184	-0.022	1023
2018	5	11	13	17	14.488	-0.4823	0.2121	-0.8471	0.0681	-10.6	2.2	10.3	0.01	0.148	-0.023	1023
2018	5	11	13	17	14.505	-0.4813	0.2163	-0.8467	0.0675	-15.4	2.2	13.2	-0.007	0.045	0.014	1023
2018	5	11	13	17	14.545	-0.4801	0.2214	-0.8461	0.0671	-21	0.8	13.4	0.003	-0.031	0.026	0
2018	5	11	13	17	14.55	-0.4788	0.2264	-0.8455	0.0668	-16.6	-0.4	9.9	0.016	-0.078	0.019	0
2018	5	11	13	17	14.565	-0.4777	0.2303	-0.845	0.0672	-7.7	-0.7	6.8	0.009	-0.056	0.007	0
2018	5	11	13	17	14.583	-0.4769	0.233	-0.8446	0.0685	1.1	-0.6	4.6	-0.004	-0.027	0.001	0
2018	5	11	13	17	14.603	-0.4763	0.2348	-0.8443	0.0703	3.1	-0.6	3.2	-0.005	0.005	-0.008	0
2018	5	11	13	17	14.625	-0.4759	0.2364	-0.844	0.0717	3.1	-0.2	1.8	0.008	-0.001	0.007	0
2018	5	11	13	17	14.644	-0.4755	0.2378	-0.8438	0.0727	-0.6	-1	1	0.019	0.021	-0.006	0
2018	5	11	13	17	14.663	-0.4746	0.2394	-0.8437	0.0731	-1.7	-1	1.3	0.008	0.047	-0.016	0
2018	5	11	13	17	14.703	-0.4738	0.2412	-0.8437	0.0733	-2.4	-0.1	3.6	-0.003	0.044	-0.006	0
2018	5	11	13	17	14.723	-0.4733	0.2433	-0.8433	0.074	-1	0.1	3.8	0	-0.011	0.013	0
2018	5	11	13	17	14.727	-0.473	0.2453	-0.8428	0.075	-0.1	-0.2	1.6	0.026	-0.034	-0.002	0
2018	5	11	13	17	14.742	-0.4726	0.2467	-0.8425	0.0756	-2.1	-0.1	-1	0.017	0.005	-0.015	0
2018	5	11	13	17	14.763	-0.472	0.2481	-0.8425	0.0753	-4.6	0.1	-1.6	0.005	0.022	-0.018	0
2018	5	11	13	17	14.782	-0.4716	0.2496	-0.8423	0.0752	-0.1	0.8	-0.3	-0.004	0.024	-0.001	0
2018	5	11	13	17	14.822	-0.4715	0.2508	-0.8419	0.076	4.2	0.4	1.1	0.005	0.022	0.024	0
2018	5	11	13	17	14.844	-0.4715	0.2518	-0.8415	0.0772	4.2	-0.4	0.3	0.019	0.021	0.001	0
2018	5	11	13	17	14.849	-0.4713	0.2528	-0.8413	0.0775	-1.6	-0.4	-0.5	0.023	0.042	-0.012	0
2018	5	11	13	17	14.866	-0.4709	0.2542	-0.8412	0.077	-4.1	0.3	0.3	0.007	0.053	-0.008	0
2018	5	11	13	17	14.906	-0.4704	0.2561	-0.8409	0.0766	-4.1	0.9	3.2	-0.006	0.021	0.002	0
2018	5	11	13	17	14.925	-0.4703	0.2581	-0.8403	0.0771	1	0.8	2.9	0.003	-0.028	0.006	0
2018	5	11	13	17	14.929	-0.4703	0.2594	-0.8398	0.0781	3.1	0.3	0	0.018	-0.01	-0.014	0
2018	5	11	13	17	14.948	-0.4703	0.2604	-0.8395	0.0786	0.6	0.4	-1.5	0.013	0.032	-0.011	0
2018	5	11	13	17	14.965	-0.4701	0.2615	-0.8392	0.0781	-3.2	1.2	0.4	0.001	0.043	-0.009	0
2018	5	11	13	17	14.984	-0.47	0.2632	-0.8388	0.0782	0	1.2	1.4	-0.008	-0.015	0.031	0
2018	5	11	13	17	15.006	-0.4702	0.2644	-0.8382	0.0792	3.9	-0.7	-0.5	0.008	-0.028	0.03	0
2018	5	11	13	17	15.025	-0.4703	0.265	-0.8378	0.0801	4.3	-1.4	-2.9	0.022	0.002	-0.005	0
2018	5	11	13	17	15.046	-0.4701	0.2654	-0.8378	0.0805	2.4	-0.1	-2.3	0.016	0.062	-0.028	0
2018	5	11	13	17	15.066	-0.47	0.2662	-0.8376	0.0802	0.4	1	0.5	-0.009	0.055	0	0
2018	5	11	13	17	15.085	-0.4701	0.2676	-0.8371	0.0806	1.6	0.1	2.1	-0.005	0.003	0.034	0
2018	5	11	13	17	15.123	-0.4703	0.2689	-0.8365	0.0813	2.7	-1.2	1.2	0.019	0.007	0.008	1023
2018	5	11	13	17	15.145	-0.4702	0.2699	-0.8362	0.0818	1.7	-0.9	0.4	0.023	0.026	-0.019	1023
2018	5	11	13	17	15.148	-0.4699	0.271	-0.836	0.0819	0.5	0.2	1.6	-0.002	0.036	-0.017	1023
2018	5	11	13	17	15.186	-0.4698	0.2724	-0.8355	0.0823	1.6	-0.1	2.9	-0.014	0.013	0.024	1023
2018	5	11	13	17	15.207	-0.47	0.2739	-0.8348	0.0834	5.4	-1.3	2.1	0.008	-0.039	0.031	1023
2018	5	11	13	17	15.21	-0.4703	0.2746	-0.8343	0.0849	7.5	-2	-0.7	0.031	-0.02	-0.002	1023
2018	5	11	13	17	15.225	-0.4703	0.275	-0.8341	0.0856	4.1	-0.6	-2	0.016	0.034	-0.04	1023
2018	5	11	13	17	15.264	-0.47	0.2757	-0.834	0.0854	-0.6	0.6	-0.1	-0.009	0.057	-0.015	1023
2018	5	11	13	17	15.286	-0.47	0.2771	-0.8336	0.0853	-0.2	0.5	1.9	-0.016	0.017	0.017	1023
2018	5	11	13	17	15.29	-0.4703	0.2786	-0.8329	0.0856	1.5	0.1	1.4	0.018	-0.013	0.01	1023
2018	5	11	13	17	15.308	-0.4706	0.2796	-0.8324	0.0859	1.8	0.3	-0.2	0.03	0.003	-0.004	1023
2018	5	11	13	17	15.347	-0.4708	0.2805	-0.832	0.0857	-0.4	0.8	-0.6	0	0.04	-0.005	0
2018	5	11	13	17	15.368	-0.4707	0.2818	-0.8316	0.0854	-1.3	-0.4	2.2	-0.044	0.049	0.045	0
2018	5	11	13	17	15.373	-0.4705	0.2836	-0.831	0.0861	2.2	-3.8	4.7	-0.007	-0.003	0.071	0
2018	5	11	13	17	15.389	-0.4706	0.2848	-0.8304	0.0878	9	-7.9	4.2	0.027	0.005	0.109	0
2018	5	11	13	17	15.408	-0.4703	0.2855	-0.8301	0.0898	5.3	-14.1	4.7	0.023	0.03	0.117	0
2018	5	11	13	17	15.446	-0.4687	0.2865	-0.8304	0.0921	8	-19.6	7.2	-0.02	0.075	0.107	0
2018	5	11	13	17	15.467	-0.466	0.2879	-0.8311	0.0954	12	-22.7	9.5	-0.045	-0.024	0.012	0
2018	5	11	13	17	15.472	-0.4635	0.2889	-0.8316	0.1002	21	-22.1	8	-0.028	-0.055	-0.003	0
2018	5	11	13	17	15.488	-0.4616	0.2882	-0.8323	0.1049	18.2	-32.6	8.6	-0.002	0.182	0.188	0
2018	5	11	13	17	15.507	-0.4585	0.2869	-0.834	0.1084	39.3	-39.9	6	0.058	-0.222	0.08	0
2018	5	11	13	17	15.529	-0.4584	0.28	-0.835	0.1185	116.9	-26.2	-9.9	0.012	-0.72	-0.402	0
2018	5	11	13	17	15.547	-0.4685	0.2604	-0.832	0.1422	268.6	14.7	-42.9	0.098	-1.072	-0.781	0
2018	5	11	13	17	15.585	-0.4926	0.2227	-0.8205	0.1854	444	59	-70	0.097	-0.84	-0.734	0
2018	5	11	13	17	15.604	-0.5239	0.1702	-0.798	0.2441	531.9	73.6	-78.2	-0.09	0.008	-0.556	0
2018	5	11	13	17	15.609	-0.5523	0.1114	-0.7679	0.3045	529.2	65.9	-94.9	-0.298	-0.061	-0.516	0
2018	5	11	13	17	15.647	-0.5753	0.0481	-0.7331	0.3592	533.7	52.9	-120.8	-0.224	-0.241	-0.435	0
2018	5	11	13	17	15.667	-0.5927	-0.0206	-0.6921	0.4112	545.3	46.1	-127.7	-0.141	0.242	-0.399	0
2018	5	11	13	17	15.669	-0.6032	-0.0842	-0.6504	0.4536	420.4	31.5	-111.1	-0.146	0.946	-0.33	0
2018	5	11	13	17	15.688	-0.6086	-0.1274	-0.6219	0.4759	217.5	11.9	-81.5	-0.002	0.884	-0.166	0
2018	5	11	13	17	15.725	-0.6125	-0.152	-0.6075	0.4822	114.4	3.5	-67.1	0.037	0.28	0.038	0
2018	5	11	13	17	15.747	-0.6161	-0.1716	-0.5972	0.4839	101.9	0.8	-69.3	0.044	0.088	0.128	0
2018	5	11	13	17	15.752	-0.6197	-0.1883	-0.5899	0.482	43.6	-8.8	-63.1	-0.008	0.325	0.093	0
2018	5	11	13	17	15.771	-0.6234	-0.197	-0.5899	0.4738	-26.4	-16.5	-50.7	-0.021	0.31	0.038	0
2018	5	11	13	17	15.793	-0.6273	-0.1994	-0.5949	0.4611	-58.2	-21.1	-45.4	-0.037	0.176	0.116	0
2018	5	11	13	17	15.813	-0.6306	-0.2004	-0.6012	0.4479	-49.5	-25.6	-38.3	-0.034	0.082	0.124	0
2018	5	11	13	17	15.832	-0.632	-0.2029	-0.6045	0.4403	10	-26.5	-23.9	-0.034	0.007	0.028	0
2018	5	11	13	17	15.853	-0.6294	-0.2117	-0.6027	0.4422	77	-25.1	-8.8	-0.084	0.171	0.042	0
2018	5	11	13	17	15.873	-0.6243	-0.2241	-0.5996	0.4477	76.7	-24.6	1.2	-0.034	0.243	0.024	0
2018	5	11	13	17	15.889	-0.6194	-0.2328	-0.5986	0.4512	37.9	-23.9	7.1	0.067	0.164	-0.046	0
2018	5	11	13	17	15.909	-0.6157	-0.2369	-0.6006	0.4515	5.3	-23.6	12.1	0.096	0.122	-0.164	0
2018	5	11	13	17	15.928	-0.6129	-0.2373	-0.6048	0.4495	-18.8	-18.3	14.3	0.11	0.107	-0.313	1023
2018	5	11	13	17	15.965	-0.612	-0.2346	-0.6097	0.4455	-38.1	-4.7	12.1	0.104	0.027	-0.407	1023
2018	5	11	13	17	15.987	-0.6139	-0.2299	-0.6132	0.4406	-41.2	15.9	5.5	0.062	-0.044	-0.394	1023
2018	5	11	13	17	15.991	-0.6183	-0.2246	-0.6139	0.4361	-28.7	36.3	0.5	0.021	-0.074	-0.218	1023
2018	5	11	13	17	16.03	-0.6239	-0.2188	-0.6107	0.4356	-6.1	45	-3.8	-0.043	-0.098	0.073	1023
2018	5	11	13	17	16.05	-0.6291	-0.2173	-0.6055	0.4361	16.1	41.2	-8	-0.046	-0.098	0.26	1023
2018	5	11	13	17	16.054	-0.6327	-0.2188	-0.6005	0.437	21.3	25.5	-8.3	-0.074	0.03	0.394	1023
2018	5	11	13	17	16.072	-0.6341	-0.2212	-0.5983	0.4368	11.8	-0.2	-4.4	-0.091	0.115	0.492	1023
2018	5	11	13	17	16.114	-0.6327	-0.2245	-0.5997	0.4353	7.8	-26	-0.5	-0.047	0.097	0.455	1023
2018	5	11	13	17	16.134	-0.6286	-0.228	-0.6043	0.433	-0.9	-44.6	7.2	-0.023	0.095	0.192	1023
2018	5	11	13	17	16.139	-0.6232	-0.2302	-0.6095	0.4323	11.5	-49.3	10.2	0.036	-0.077	-0.137	0
2018	5	11	13	17	16.156	-0.6167	-0.2361	-0.6134	0.433	32	-38.3	13.2	0.041	0.071	-0.346	0
2018	5	11	13	17	16.17	-0.6116	-0.2399	-0.6165	0.4337	4	-25.6	13.2	0.113	0.122	-0.391	0
2018	5	11	13	17	16.21	-0.6097	-0.2388	-0.6208	0.4309	-39.8	-9.7	8.7	0.123	0.106	-0.391	0
2018	5	11	13	17	16.23	-0.6116	-0.2339	-0.6251	0.4246	-46.6	10	1	0.104	-0.128	-0.33	0
2018	5	11	13	17	16.234	-0.6156	-0.2298	-0.6259	0.4199	-22	29.2	-3.2	0.032	-0.081	-0.181	0
2018	5	11	13	17	16.253	-0.6199	-0.2259	-0.6225	0.4206	7.3	37.9	-3	-0.018	-0.054	-0.024	0
2018	5	11	13	17	16.274	-0.6245	-0.2232	-0.6163	0.4243	16.4	40	-3.1	-0.042	0.101	0.101	0
2018	5	11	13	17	16.297	-0.6283	-0.2224	-0.6125	0.4248	0.1	29.5	-1.8	-0.033	0.059	0.213	0
2018	5	11	13	17	16.317	-0.6312	-0.2213	-0.6108	0.4234	-8.2	14.6	-2.8	-0.021	0.064	0.298	0
2018	5	11	13	17	16.336	-0.6323	-0.2211	-0.6113	0.4213	-3.7	-3.8	-0.2	-0.057	0.051	0.401	0
2018	5	11	13	17	16.357	-0.6309	-0.223	-0.6133	0.4195	5.1	-21.2	2.5	-0.043	0.07	0.293	0
2018	5	11	13	17	16.378	-0.6276	-0.2255	-0.6168	0.4179	-2.7	-31.3	9.1	0.009	0.15	0.024	0
2018	5	11	13	17	16.392	-0.6244	-0.2241	-0.6208	0.4175	-12.6	-32.4	13.3	0.03	0.085	-0.081	0
2018	5	11	13	17	16.431	-0.6208	-0.2219	-0.6251	0.4177	-5.6	-30	14.6	0.016	0.019	-0.064	0
2018	5	11	13	17	16.45	-0.6172	-0.2213	-0.6282	0.4187	2.5	-22.2	15.8	0.023	0.134	-0.126	0
2018	5	11	13	17	16.453	-0.6142	-0.2203	-0.6321	0.4177	-30.6	-16.3	22.2	0.034	0.34	-0.152	0
2018	5	11	13	17	16.493	-0.6134	-0.2113	-0.6402	0.4112	-108.7	-12.2	32.4	0.065	0.463	-0.167	0
2018	5	11	13	17	16.512	-0.6148	-0.1921	-0.6538	0.3968	-182.3	-8.9	45.5	0.049	0.477	-0.207	0
2018	5	11	13	17	16.515	-0.6165	-0.1658	-0.6699	0.3787	-198.1	-5.5	61	0.003	0.32	-0.193	0
2018	5	11	13	17	16.553	-0.6162	-0.141	-0.6827	0.3661	-104.5	3.6	76.1	0.021	-0.198	-0.308	0
2018	5	11	13	17	16.573	-0.6133	-0.1292	-0.6846	0.3719	66	23.6	87.7	-0.006	-0.237	-0.263	0
2018	5	11	13	17	16.575	-0.6078	-0.1307	-0.6744	0.398	183	41.4	107.8	-0.008	0.319	-0.118	0
2018	5	11	13	17	16.591	-0.6009	-0.1331	-0.6595	0.4314	173.1	53.6	132.2	-0.082	0.472	-0.154	0
2018	5	11	13	17	16.611	-0.5934	-0.1312	-0.6432	0.4656	184.8	68.7	137.7	-0.11	-0.036	-0.161	0
2018	5	11	13	17	16.651	-0.5862	-0.134	-0.6199	0.5039	268.1	86.4	125.8	-0.08	-0.408	-0.071	0
2018	5	11	13	17	16.673	-0.5787	-0.1449	-0.5857	0.5485	332.3	103.1	109.1	-0.026	-0.262	-0.021	0
2018	5	11	13	17	16.675	-0.5712	-0.1567	-0.5438	0.5944	323.3	113.6	92.4	0.002	0.095	-0.076	0
2018	5	11	13	17	16.712	-0.5659	-0.1651	-0.5054	0.63	235.9	122.2	80.5	-0.018	0.39	-0.138	1023
2018	5	11	13	17	16.732	-0.5628	-0.1652	-0.4756	0.6555	159.8	116.2	70.8	-0.156	0.094	0.117	1023
2018	5	11	13	17	16.734	-0.5617	-0.1609	-0.4526	0.6734	104.5	108.6	55.5	-0.063	0.048	0.264	1023
2018	5	11	13	17	16.774	-0.5625	-0.1523	-0.432	0.6881	86.5	99.5	47.5	0.006	-0.067	0.188	1023
2018	5	11	13	17	16.793	-0.5622	-0.1456	-0.4106	0.7028	117.2	88.8	46.8	0.022	-0.05	0.074	1023
2018	5	11	13	17	16.796	-0.5604	-0.1441	-0.3858	0.7185	146.5	81.5	46.3	-0.113	0.026	0.246	1023
2018	5	11	13	17	16.836	-0.5576	-0.1465	-0.3637	0.7315	123.8	70.3	38.3	-0.097	0.063	0.291	1023
2018	5	11	13	17	16.858	-0.5563	-0.1449	-0.3442	0.7422	69.9	57	32.1	-0.001	0.064	0.216	1023
2018	5	11	13	17	16.863	-0.5559	-0.1396	-0.333	0.7486	26.5	43.8	28	0.044	-0.067	0.118	1023
2018	5	11	13	17	16.877	-0.5561	-0.1334	-0.3261	0.7526	20.2	39	19.2	0.064	-0.075	0.05	1023
2018	5	11	13	17	16.896	-0.5571	-0.1287	-0.3186	0.7559	25.8	37.2	16.6	0.055	0.048	0.032	1023
2018	5	11	13	17	16.937	-0.5581	-0.1248	-0.3106	0.7591	26	36.8	18	0.064	0.056	-0.021	1023
2018	5	11	13	17	16.957	-0.5591	-0.1204	-0.3029	0.7623	20.6	38.9	16.9	0.078	0.032	0	0
2018	5	11	13	17	16.961	-0.5604	-0.115	-0.2967	0.7646	11	35.8	14.1	0.016	-0.035	0.069	0
2018	5	11	13	17	16.981	-0.5623	-0.1094	-0.2922	0.7657	-1.5	24.2	5.3	-0.002	-0.053	0.212	0
2018	5	11	13	17	16.998	-0.5644	-0.1053	-0.2885	0.7661	5.1	14.3	4.6	-0.049	0.056	0.079	0
2018	5	11	13	17	17.037	-0.5663	-0.103	-0.2848	0.7664	3.6	9	4.9	-0.009	0.069	0.05	0
2018	5	11	13	17	17.059	-0.5678	-0.101	-0.2823	0.7665	0.3	5	6.3	0.021	0.026	0.057	0
2018	5	11	13	17	17.063	-0.569	-0.099	-0.281	0.7664	-3.5	4	6.6	0.04	0.011	-0.014	0
2018	5	11	13	17	17.081	-0.5704	-0.0965	-0.2804	0.7659	-4.3	7	5.3	0.042	-0.024	-0.034	0
2018	5	11	13	17	17.098	-0.5721	-0.0938	-0.2792	0.7654	0.3	9.2	2.2	0.03	-0.031	0.018	0
2018	5	11	13	17	17.118	-0.574	-0.0916	-0.2771	0.765	5.1	7.8	-0.5	0.026	-0.037	0.032	0
2018	5	11	13	17	17.139	-0.5762	-0.0903	-0.2745	0.7644	8	6.5	-3.6	0.047	-0.024	0.012	0
2018	5	11	13	17	17.178	-0.5788	-0.0893	-0.2719	0.7635	6.6	8	-4.5	0.044	-0.004	-0.012	0
2018	5	11	13	17	17.183	-0.5816	-0.0881	-0.2692	0.7625	6.8	8.9	-5.1	0.031	-0.008	0.01	0
2018	5	11	13	17	17.199	-0.5844	-0.0872	-0.2658	0.7616	13.8	7.2	-7.1	0.018	-0.021	0.03	0
2018	5	11	13	17	17.24	-0.5875	-0.0875	-0.2621	0.7605	12.6	4.3	-10	0.029	0.063	0.027	0
2018	5	11	13	17	17.244	-0.5909	-0.0879	-0.2588	0.7589	6.8	2.6	-9.9	0.025	0.078	0.004	0
2018	5	11	13	17	17.261	-0.5942	-0.0879	-0.2564	0.7571	2	3.1	-8.2	0.03	0.053	-0.002	0
2018	5	11	13	17	17.283	-0.5971	-0.0874	-0.2543	0.7557	5.8	2.4	-5.4	0.014	0.01	0.031	0
2018	5	11	13	17	17.301	-0.5995	-0.0873	-0.252	0.7545	7.9	0.6	-5.3	0.017	0.012	0.022	0
2018	5	11	13	17	17.318	-0.602	-0.0877	-0.2496	0.7533	10.1	-1.3	-5.7	0.008	0.03	0.019	0
2018	5	11	13	17	17.338	-0.6044	-0.0887	-0.247	0.7521	12.6	-1.9	-6	0.021	0.022	0.006	0
2018	5	11	13	17	17.36	-0.607	-0.09	-0.2448	0.7506	11.8	-2.1	-6.5	0.039	0.005	-0.009	0
2018	5	11	13	17	17.379	-0.6096	-0.0909	-0.2429	0.7489	10.3	-0.1	-8.8	0.037	-0.051	-0.044	0
2018	5	11	13	17	17.398	-0.6125	-0.0913	-0.2408	0.7472	10.4	4.3	-9	0.028	-0.007	-0.038	0
2018	5	11	13	17	17.44	-0.6155	-0.0914	-0.2376	0.7457	14.5	5.5	-11.1	0.004	-0.008	0.029	0
2018	5	11	13	17	17.461	-0.6189	-0.0926	-0.2338	0.744	22.3	2.2	-14.3	0.019	-0.026	0.04	0
2018	5	11	13	17	17.466	-0.6227	-0.0947	-0.2299	0.7418	19.1	0.3	-18.3	0.038	-0.007	0.014	1023
2018	5	11	13	17	17.485	-0.6269	-0.0967	-0.2268	0.739	15	0.4	-21.6	0.039	-0.009	-0.022	1023
2018	5	11	13	17	17.513	-0.6313	-0.0989	-0.2231	0.736	20.3	0.8	-20	0.006	0.073	0.016	1023
2018	5	11	13	17	17.526	-0.6354	-0.1014	-0.2184	0.7336	20.3	1	-16.6	0.005	0.093	0.03	1023
2018	5	11	13	17	17.543	-0.639	-0.1036	-0.2144	0.7313	15.6	-0.8	-12.8	0.018	0.07	0.019	1023
2018	5	11	13	17	17.563	-0.6422	-0.1054	-0.2118	0.7289	10.4	-2.7	-11.3	0.034	0.035	-0.001	1023
2018	5	11	13	17	17.581	-0.6454	-0.107	-0.2098	0.7265	10.9	-2	-12.1	0.038	0.02	-0.013	1023
2018	5	11	13	17	17.601	-0.6487	-0.1082	-0.2076	0.7241	10.9	-0.7	-13.9	0.026	-0.003	0.002	1023
2018	5	11	13	17	17.637	-0.6521	-0.1095	-0.2056	0.7214	11.5	-1.3	-15	0.022	-0.031	0.011	1023
2018	5	11	13	17	17.657	-0.6556	-0.111	-0.2033	0.7186	15.4	-1.9	-17.4	0.028	-0.04	0.008	1023
2018	5	11	13	17	17.661	-0.6593	-0.1131	-0.2008	0.7156	16.6	-2	-21.2	0.039	-0.021	-0.002	1023
2018	5	11	13	17	17.699	-0.6637	-0.1155	-0.198	0.7119	14.9	-2.7	-24.2	0.014	0.025	0.005	0
2018	5	11	13	17	17.719	-0.6682	-0.1179	-0.1953	0.708	12.5	-3.7	-24.7	0.006	0.033	0.006	0
2018	5	11	13	17	17.722	-0.6728	-0.1204	-0.1928	0.704	13	-4.6	-24.1	0.002	0.034	0.014	0
2018	5	11	13	17	17.76	-0.6771	-0.1229	-0.1906	0.7	10.9	-4.6	-22.5	0.017	0.037	-0.006	0
2018	5	11	13	17	17.78	-0.6813	-0.1255	-0.1884	0.696	11.8	-3.8	-20.7	0.023	0.075	-0.002	0
2018	5	11	13	17	17.782	-0.6852	-0.128	-0.1859	0.6924	9.4	-3.7	-16.3	0.01	0.096	-0.008	0
2018	5	11	13	17	17.822	-0.6887	-0.1302	-0.1839	0.689	6.5	-2.7	-11.4	0.016	0.089	-0.009	0
2018	5	11	13	17	17.824	-0.6916	-0.1315	-0.1824	0.6863	4.9	-2.5	-8	0.024	0.038	0.001	0
2018	5	11	13	17	17.843	-0.6942	-0.1325	-0.1812	0.6838	5.2	-2.4	-8	0.024	0.05	0.011	0
2018	5	11	13	17	17.881	-0.6969	-0.1337	-0.1799	0.6811	1.7	-3.5	-6.4	-0.002	0.082	0.01	0
2018	5	11	13	17	17.899	-0.6993	-0.1344	-0.1791	0.6787	0.8	-4	-3.6	0.014	0.031	-0.002	0
2018	5	11	13	17	17.901	-0.7013	-0.1349	-0.1787	0.6767	2.3	-3.5	-0.9	0.024	0.019	0.005	0
2018	5	11	13	17	17.939	-0.703	-0.1354	-0.1783	0.6749	-0.8	-2.9	1	0.029	0.037	-0.016	0
2018	5	11	13	17	17.96	-0.7046	-0.1356	-0.1783	0.6732	1.7	-2.7	0.6	0.026	-0.01	0.002	0
2018	5	11	13	17	17.962	-0.7062	-0.1357	-0.178	0.6715	3.5	-2.8	-1.3	0.027	-0.019	0.014	0
2018	5	11	13	17	17.999	-0.708	-0.1363	-0.1774	0.6697	6	-3.7	-2.8	0.018	-0.017	0.021	0
2018	5	11	13	17	18.02	-0.71	-0.1372	-0.1768	0.6676	3.7	-3.7	-3.7	0.03	0.002	-0.011	0
2018	5	11	13	17	18.022	-0.7121	-0.1378	-0.1766	0.6652	1.1	-3.2	-4.6	0.029	-0.012	-0.035	0
2018	5	11	13	17	18.061	-0.7143	-0.1379	-0.1763	0.6629	2.8	-1.6	-7.1	0.028	-0.013	0.002	0
2018	5	11	13	17	18.082	-0.7168	-0.1382	-0.1755	0.6604	-0.2	-1.7	-7.2	0.008	0.046	0.002	0
2018	5	11	13	17	18.086	-0.7193	-0.1384	-0.1747	0.6578	1.8	-1.8	-5.9	0	0.041	-0.001	0
2018	5	11	13	17	18.103	-0.7216	-0.1391	-0.1735	0.6555	3.1	-0.7	-3.3	0.011	0.058	0	0
2018	5	11	13	17	18.142	-0.7236	-0.1393	-0.1725	0.6535	0.4	-0.8	-0.9	0.019	0.042	-0.008	0
2018	5	11	13	17	18.162	-0.7255	-0.1392	-0.1722	0.6515	-5.1	-1.1	-0.2	0.015	0.05	-0.002	0
2018	5	11	13	17	18.167	-0.7274	-0.1383	-0.1721	0.6496	-8.5	-0.3	1.6	0.007	0.077	-0.009	0
2018	5	11	13	17	18.187	-0.7289	-0.1374	-0.1722	0.6481	-4	-0.3	4	0.01	0.014	0	0
2018	5	11	13	17	18.207	-0.7303	-0.1364	-0.1723	0.6467	-2.9	0	3.5	0.023	-0.03	0.009	0
2018	5	11	13	17	18.247	-0.7318	-0.1355	-0.1725	0.6451	-1.4	-0.6	0.6	0.016	-0.047	0.015	1023
2018	5	11	13	17	18.268	-0.7335	-0.1348	-0.1724	0.6434	-2.3	-0.7	-1.9	0.022	0.01	-0.001	1023
2018	5	11	13	17	18.272	-0.7353	-0.1343	-0.172	0.6415	-3	-0.5	-1	0.006	0.047	-0.006	1023
2018	5	11	13	17	18.283	-0.737	-0.1338	-0.1714	0.6398	-2	-0.3	1.5	0.001	0.033	0.007	1023
2018	5	11	13	17	18.323	-0.7385	-0.1331	-0.1712	0.6383	-2.9	-0.3	2.2	0.016	0.004	0.007	1023
2018	5	11	13	17	18.344	-0.74	-0.1321	-0.1713	0.6367	-5	0.1	1	0.024	-0.011	-0.017	1023
2018	5	11	13	17	18.349	-0.7418	-0.131	-0.1714	0.6348	-3.5	-0.4	-1	0.009	0.001	0.014	1023
2018	5	11	13	17	18.367	-0.7436	-0.1305	-0.1711	0.633	-0.2	-1.3	-1.4	0.001	0.018	0.019	1023
2018	5	11	13	17	18.404	-0.7453	-0.1304	-0.1707	0.631	0.3	-1.8	-1.1	0.012	0.014	-0.002	1023
2018	5	11	13	17	18.425	-0.7469	-0.1301	-0.1703	0.6294	-0.4	-1	-0.6	0.019	0.013	-0.013	1023
2018	5	11	13	17	18.428	-0.7484	-0.1297	-0.1698	0.6278	0	0	0	0.014	0.007	0.001	1023
2018	5	11	13	17	18.464	-0.7499	-0.1292	-0.1691	0.6262	-0.7	0	0.2	0.011	0.03	0.006	1023
2018	5	11	13	17	18.486	-0.7515	-0.1289	-0.1686	0.6246	-1.2	-0.6	1.2	0.013	0.04	0.002	0
2018	5	11	13	17	18.49	-0.7529	-0.1285	-0.1682	0.6231	-0.1	-1.2	1.6	0.012	0.001	0.006	0
2018	5	11	13	17	18.512	-0.7542	-0.128	-0.1679	0.6217	1	-0.9	0.6	0.01	-0.015	0.004	0
2018	5	11	13	17	18.532	-0.7556	-0.1277	-0.1673	0.6202	1.8	-0.8	-0.2	0.006	0.011	0.001	0
2018	5	11	13	17	18.549	-0.7571	-0.1275	-0.1666	0.6185	0.1	-0.6	-0.1	0.009	0.029	0	0
2018	5	11	13	17	18.568	-0.7586	-0.1274	-0.1661	0.6169	1.1	-1	0.5	0.008	0.015	0.007	0
2018	5	11	13	17	18.589	-0.7601	-0.1272	-0.1656	0.6153	0.9	-0.9	0	0.018	0.002	0.003	0
2018	5	11	13	17	18.608	-0.7616	-0.127	-0.1653	0.6134	0.1	-0.9	-0.7	0.023	0	-0.001	0
2018	5	11	13	17	18.647	-0.7632	-0.1268	-0.1648	0.6117	1	-0.9	-0.7	0.006	0.013	0.005	0
2018	5	11	13	17	18.667	-0.7648	-0.1268	-0.1641	0.6099	2	-1.3	-0.7	0.007	0.031	0.014	0
2018	5	11	13	17	18.671	-0.7662	-0.1269	-0.1634	0.6083	1	-2.7	-0.3	0.006	0.019	0.016	0
2018	5	11	13	17	18.691	-0.7676	-0.1268	-0.1632	0.6066	-0.6	-2.5	-0.4	0.018	0.013	-0.005	0
2018	5	11	13	17	18.73	-0.7689	-0.1266	-0.1631	0.605	1.5	-2	-0.7	0.011	-0.002	-0.009	0
2018	5	11	13	17	18.751	-0.7704	-0.1265	-0.1625	0.6033	2	-1.9	-1.5	-0.001	0.001	0.007	0
2018	5	11	13	17	18.756	-0.7719	-0.1265	-0.162	0.6015	3.7	-3.1	-3	0.007	-0.012	0.035	0
2018	5	11	13	17	18.769	-0.7734	-0.1271	-0.1616	0.5996	7.1	-5.2	-4.2	0.01	-0.032	0.043	0
2018	5	11	13	17	18.806	-0.775	-0.1281	-0.1611	0.5974	6.8	-6.9	-5.4	-0.008	0.006	0.019	0
2018	5	11	13	17	18.828	-0.7768	-0.1291	-0.1611	0.5948	1.2	-6.6	-7.2	0.016	-0.024	-0.047	0
2018	5	11	13	17	18.832	-0.7788	-0.1297	-0.1612	0.592	2.9	-3.8	-8.4	0.032	0	-0.049	0
2018	5	11	13	17	18.848	-0.781	-0.1304	-0.1609	0.5891	1.9	-2.7	-9.8	0.036	0.019	0.001	0
2018	5	11	13	17	18.887	-0.7833	-0.1311	-0.1604	0.586	1.7	-4.5	-9.2	-0.002	0.039	0.056	0
2018	5	11	13	17	18.905	-0.7854	-0.1317	-0.16	0.5831	-0.6	-6.5	-6.7	-0.019	0.063	0.038	0
2018	5	11	13	17	18.908	-0.7872	-0.1324	-0.1599	0.5806	3.1	-7	-3.6	-0.005	0.038	0.003	0
2018	5	11	13	17	18.947	-0.7885	-0.1337	-0.1595	0.5786	6.4	-6.5	-2.7	0.026	0.05	-0.008	0
2018	5	11	13	17	18.966	-0.7898	-0.1349	-0.1596	0.5766	-0.6	-5.7	-2.1	0.045	0.052	-0.025	0
2018	5	11	13	17	18.969	-0.7911	-0.135	-0.16	0.5746	-3.2	-4.1	-0.5	0.014	0.038	-0.032	0
2018	5	11	13	17	19.009	-0.7925	-0.1348	-0.1601	0.5727	-0.9	-3.2	0.2	-0.008	0.01	0.014	0
2018	5	11	13	17	19.028	-0.7937	-0.1347	-0.1602	0.571	1.8	-4.1	-0.5	0.006	-0.033	0.034	0
2018	5	11	13	17	19.034	-0.795	-0.1347	-0.1604	0.5692	0.3	-4.7	-2.2	0.018	-0.004	0	0
2018	5	11	13	17	19.053	-0.7964	-0.1348	-0.1606	0.5671	-0.8	-3.5	-2.8	0.014	0.028	-0.038	0
2018	5	11	13	17	19.073	-0.7979	-0.1349	-0.1606	0.5649	0.8	-1.8	-3	0.011	0.023	-0.028	0
2018	5	11	13	17	19.094	-0.7994	-0.1347	-0.1602	0.563	-0.5	-0.7	-2.1	0.02	-0.017	0.002	0
2018	5	11	13	17	19.113	-0.8009	-0.1343	-0.1599	0.5611	2	-1.2	-2.1	0.007	-0.006	0.019	1023
2018	5	11	13	17	19.134	-0.8023	-0.1345	-0.1594	0.5592	1.5	-2.6	-1.9	0.004	0.02	0.021	1023
2018	5	11	13	17	19.154	-0.8036	-0.1346	-0.1591	0.5573	-3.4	-2.5	-1.6	0.009	0.068	-0.017	1023
2018	5	11	13	17	19.175	-0.805	-0.1338	-0.1593	0.5554	-4.1	-0.5	-0.7	0.012	-0.006	-0.036	1023
2018	5	11	13	17	19.195	-0.8063	-0.1333	-0.159	0.5538	1.7	0.8	0	0.005	0.021	0.002	1023
2018	5	11	13	17	19.215	-0.8075	-0.1329	-0.1583	0.5524	0	0	0	-0.001	0.027	0.031	1023
2018	5	11	13	17	19.232	-0.8086	-0.1326	-0.1577	0.551	-1.5	-1.7	1.1	0.005	0.041	0.015	1023
2018	5	11	13	17	19.269	-0.8096	-0.132	-0.1577	0.5496	-4.3	-1.8	1.9	0.007	0.027	-0.006	1023
2018	5	11	13	17	19.29	-0.8107	-0.1312	-0.158	0.5482	-3	-0.2	2.2	0.023	0.011	-0.023	1023
2018	5	11	13	17	19.294	-0.8117	-0.1301	-0.1581	0.5468	-6.2	1.7	1.9	0.02	0.01	-0.025	1023
2018	5	11	13	17	19.313	-0.813	-0.1286	-0.1582	0.5453	-4.1	1	1.1	-0.004	-0.007	0.006	1023
2018	5	11	13	17	19.35	-0.8141	-0.1273	-0.1577	0.544	-4.8	0.5	1	0.002	0.029	0.027	1023
2018	5	11	13	17	19.369	-0.8153	-0.126	-0.1578	0.5426	-5.3	-0.4	1.9	0	0.012	0.007	1023
2018	5	11	13	17	19.373	-0.8162	-0.1249	-0.1577	0.5414	-2	-0.1	2.1	0.001	0.002	-0.006	1023
2018	5	11	13	17	19.413	-0.8172	-0.1241	-0.1575	0.5402	-2	0.4	1.2	0.018	-0.006	0.006	0
2018	5	11	13	17	19.432	-0.8183	-0.1232	-0.1574	0.5388	-1.8	0	0.3	0.01	-0.003	0.007	0
2018	5	11	13	17	19.436	-0.8194	-0.1223	-0.1571	0.5374	-2.5	0	0.2	0.003	0.033	0.002	0
2018	5	11	13	17	19.474	-0.8204	-0.1214	-0.1567	0.5362	-2.9	0.3	1.3	0.001	0.032	-0.001	0
2018	5	11	13	17	19.496	-0.8214	-0.1203	-0.1564	0.535	-4.8	0.4	2.4	0.002	0.012	0.006	0
2018	5	11	13	17	19.5	-0.8223	-0.1193	-0.1563	0.5339	0.2	0	1.4	0.007	-0.013	0.015	0
2018	5	11	13	17	19.512	-0.8231	-0.1185	-0.1559	0.5328	0.1	-0.2	0.6	0.014	-0.001	0.004	0
2018	5	11	13	17	19.554	-0.8242	-0.118	-0.1556	0.5314	-0.7	0	0.2	0.009	0.023	-0.015	0
2018	5	11	13	17	19.572	-0.8252	-0.1175	-0.1551	0.5301	-1.2	0.8	0.9	0.006	0.03	-0.004	0
2018	5	11	13	17	19.576	-0.8263	-0.1168	-0.1546	0.5288	-0.9	0.1	1.1	0.001	-0.001	0.016	0
2018	5	11	13	17	19.597	-0.8272	-0.1161	-0.1543	0.5276	-0.4	-0.2	0.8	0.007	-0.005	0.011	0
2018	5	11	13	17	19.615	-0.8281	-0.1155	-0.1539	0.5264	0.6	-0.4	0.3	0.004	0.005	-0.002	0
2018	5	11	13	17	19.636	-0.829	-0.1149	-0.1535	0.5252	-0.7	0.3	0.2	0.007	0.028	-0.008	0
2018	5	11	13	17	19.655	-0.8301	-0.1145	-0.153	0.5237	-2.7	1.2	1.2	0.011	0.034	-0.005	0
2018	5	11	13	17	19.696	-0.8311	-0.1135	-0.1527	0.5224	-3.6	1.1	1.7	0	0.031	0.011	0
2018	5	11	13	17	19.701	-0.832	-0.1124	-0.1525	0.5213	-3.8	0.1	2.1	0.005	0.011	0.009	0
2018	5	11	13	17	19.715	-0.8329	-0.1114	-0.1524	0.52	-2.6	-0.3	1.6	0.007	-0.005	0.004	0
2018	5	11	13	17	19.736	-0.8338	-0.1104	-0.1523	0.5189	-1.7	0.6	1.4	0.006	-0.009	-0.004	0
2018	5	11	13	17	19.756	-0.8347	-0.1095	-0.152	0.5177	-1	1	0.4	0.012	0.003	0	0
2018	5	11	13	17	19.777	-0.8357	-0.1088	-0.1516	0.5164	-0.7	0.3	0.2	0.007	0.021	0.011	0
2018	5	11	13	17	19.796	-0.8367	-0.1084	-0.1512	0.5149	-1.8	-0.1	0.7	0	0.033	0.001	0
2018	5	11	13	17	19.835	-0.8377	-0.1078	-0.1508	0.5136	-1.5	0.6	1.9	0	0.031	-0.005	0
2018	5	11	13	17	19.857	-0.8385	-0.1068	-0.1504	0.5126	-3.5	1.2	2.4	0.016	0.015	-0.002	0
2018	5	11	13	17	19.861	-0.8393	-0.1058	-0.1503	0.5115	-2.3	0.5	1.7	0.014	-0.002	0.013	0
2018	5	11	13	17	19.88	-0.8401	-0.1048	-0.1502	0.5105	-2.5	-0.6	1	0.008	-0.006	0.019	0
2018	5	11	13	17	19.9	-0.841	-0.1039	-0.15	0.5092	-1.6	-0.4	0.5	0	0.017	-0.006	0
2018	5	11	13	17	19.918	-0.8418	-0.1034	-0.1496	0.508	-0.3	-0.2	1.2	-0.001	0.024	-0.002	0
2018	5	11	13	17	19.937	-0.8427	-0.103	-0.1493	0.5068	-0.4	-0.1	1.7	0.007	0.009	0	0
2018	5	11	13	17	19.957	-0.8434	-0.1024	-0.1491	0.5057	0	-0.2	0.9	0.011	-0.009	0.001	0
2018	5	11	13	17	19.978	-0.8442	-0.1018	-0.1488	0.5046	0.7	0.2	0.1	0.008	-0.005	0.001	0
2018	5	11	13	17	19.998	-0.8451	-0.1014	-0.1482	0.5033	0.9	0	0.1	0.003	0.033	0.006	0
2018	5	11	13	17	20.018	-0.8459	-0.1012	-0.1476	0.5022	-0.2	-0.3	1.3	0.004	0.033	0.008	1023
2018	5	11	13	17	20.038	-0.8467	-0.1008	-0.1473	0.5011	0.6	-0.7	1.4	0.006	0.001	-0.002	1023
2018	5	11	13	17	20.061	-0.8474	-0.1003	-0.147	0.5001	1.2	-0.1	0.7	0.005	-0.015	-0.002	1023
2018	5	11	13	17	20.079	-0.8482	-0.0999	-0.1465	0.4989	0.9	0.9	0	0.001	0.019	-0.006	1023
2018	5	11	13	17	20.099	-0.8492	-0.0997	-0.1459	0.4975	-0.5	1.1	0.7	0.008	0.04	0	1023
2018	5	11	13	17	20.121	-0.85	-0.0991	-0.1454	0.4964	-1.8	0.4	1.6	0.009	0.02	0.012	1023
2018	5	11	13	17	20.139	-0.8507	-0.0983	-0.1451	0.4954	-0.7	-0.1	1.3	0.008	-0.009	0.005	1023
2018	5	11	13	17	20.178	-0.8514	-0.0975	-0.1449	0.4944	0	0	0	0.005	-0.008	-0.007	1023
2018	5	11	13	17	20.198	-0.8523	-0.0971	-0.1444	0.4931	0.3	0.6	-0.1	0.004	0.031	0	1023
2018	5	11	13	17	20.203	-0.8531	-0.0968	-0.1438	0.4919	-1.5	0.6	0.8	0.011	0.046	0.002	1023
2018	5	11	13	17	20.219	-0.8539	-0.0961	-0.1435	0.4908	-2.4	0	1.7	0.009	0.012	0.02	1023
2018	5	11	13	17	20.24	-0.8545	-0.0952	-0.1435	0.4899	-2	-0.4	1.2	0.002	-0.014	0.006	1023
2018	5	11	13	17	20.26	-0.8553	-0.0943	-0.1434	0.4888	-1.3	-0.2	0.2	0.002	0	-0.003	1023
2018	5	11	13	17	20.297	-0.8561	-0.0939	-0.143	0.4874	-1.1	0.3	0.4	0.001	0.034	0.001	0
2018	5	11	13	17	20.318	-0.8569	-0.0934	-0.1427	0.4862	-1.5	0.2	1.2	0.015	0.019	-0.001	0
2018	5	11	13	17	20.322	-0.8577	-0.0928	-0.1426	0.485	-1.6	0	1.1	0.014	-0.003	0.006	0
2018	5	11	13	17	20.36	-0.8584	-0.092	-0.1424	0.484	-0.9	-0.4	0.4	0.002	-0.001	0.003	0
2018	5	11	13	17	20.381	-0.8592	-0.0914	-0.142	0.4829	-0.6	-0.2	0.5	0	0.027	0.003	0
2018	5	11	13	17	20.385	-0.8598	-0.0908	-0.1416	0.4819	-1.3	-0.1	1.1	0.004	0.024	-0.002	0
2018	5	11	13	17	20.402	-0.8605	-0.0903	-0.1414	0.4808	-1.8	0.1	1.7	0.009	0.003	0.003	0
2018	5	11	13	17	20.424	-0.8612	-0.0895	-0.1412	0.4799	-0.2	0.4	0.8	0.008	-0.015	-0.001	0
2018	5	11	13	17	20.44	-0.8619	-0.0889	-0.1409	0.4789	1.3	0	-0.7	0.002	0	0.002	0
2018	5	11	13	17	20.478	-0.8626	-0.0887	-0.1404	0.4777	0.6	-0.1	-0.1	0.003	0.039	0.004	0
2018	5	11	13	17	20.499	-0.8634	-0.0886	-0.1398	0.4765	-1.2	0.4	1.4	0.005	0.05	-0.008	0
2018	5	11	13	17	20.503	-0.864	-0.0878	-0.1395	0.4756	-1.6	0.6	2.1	0.008	0.004	0.001	0
2018	5	11	13	17	20.524	-0.8646	-0.0871	-0.1394	0.4746	-1.6	0	1.2	0.011	-0.016	0.007	0
2018	5	11	13	17	20.543	-0.8653	-0.0863	-0.1393	0.4735	-1.2	-0.1	-0.2	0.005	-0.004	0.006	0
2018	5	11	13	17	20.578	-0.8661	-0.0858	-0.1389	0.4723	-1	0.3	0.2	0.002	0.041	-0.003	0
2018	5	11	13	17	20.599	-0.8668	-0.0853	-0.1385	0.4713	-2	0.5	1.8	0.002	0.041	-0.004	0
2018	5	11	13	17	20.603	-0.8674	-0.0846	-0.1383	0.4703	-2.7	0.3	2.3	0.006	0.009	0.003	0
2018	5	11	13	17	20.643	-0.868	-0.0837	-0.1383	0.4693	-1.8	-0.3	1.1	0.009	-0.016	0.011	0
2018	5	11	13	17	20.647	-0.8687	-0.0829	-0.1382	0.4683	-0.9	-0.1	0.4	0.002	0.001	0.001	0
2018	5	11	13	17	20.663	-0.8693	-0.0822	-0.1377	0.4675	-1.1	0.1	0.6	0.001	0.034	-0.001	0
2018	5	11	13	17	20.683	-0.8699	-0.0818	-0.1375	0.4663	-2.1	0	1.7	0.01	0.026	0.001	0
2018	5	11	13	17	20.702	-0.8705	-0.081	-0.1374	0.4654	-2.2	0	1.7	0.004	0	0.008	0
2018	5	11	13	17	20.739	-0.8711	-0.0802	-0.1373	0.4644	-0.9	0.1	1.1	0.004	-0.008	-0.004	0
2018	5	11	13	17	20.758	-0.8717	-0.0796	-0.1369	0.4635	-0.8	0.4	0.5	0.01	0.019	0.007	0
2018	5	11	13	17	20.763	-0.8723	-0.0791	-0.1366	0.4626	-1.5	0	0.8	0.011	0.036	0.009	0
2018	5	11	13	17	20.803	-0.8729	-0.0784	-0.1365	0.4617	-2.9	-0.2	1.3	0.012	0.017	0.001	0
2018	5	11	13	17	20.807	-0.8734	-0.0775	-0.1364	0.4608	-2.5	0.3	1.4	0.002	-0.005	-0.01	0
2018	5	11	13	17	20.827	-0.8741	-0.0767	-0.1361	0.4598	-1.8	1	0.9	0	0.011	0.008	0
2018	5	11	13	17	20.865	-0.8747	-0.076	-0.1358	0.4589	-2.3	0.6	1.1	0.01	0.032	0.01	0
2018	5	11	13	17	20.869	-0.8753	-0.0754	-0.1357	0.4579	-2.5	0.1	1.7	0.005	0.012	0.005	0
2018	5	11	13	17	20.884	-0.8758	-0.0746	-0.1355	0.457	-0.9	0.4	1.7	0	-0.003	0	0
2018	5	11	13	17	20.921	-0.8763	-0.0739	-0.1352	0.4563	-0.1	0.6	1	0.004	-0.001	0.003	0
2018	5	11	13	17	20.941	-0.8768	-0.0734	-0.1348	0.4555	-0.7	0.1	0.5	0.01	0.022	0.005	0
2018	5	11	13	17	20.945	-0.8774	-0.0729	-0.1344	0.4546	-1.1	0.4	1.1	0.005	0.025	-0.003	0
2018	5	11	13	17	20.965	-0.878	-0.0724	-0.1341	0.4535	-0.7	0.8	1.3	0.006	0.016	0	0
2018	5	11	13	17	20.983	-0.8785	-0.0718	-0.1336	0.4528	-0.4	0.6	1.1	0.005	0.011	0.005	1023
2018	5	11	13	17	21.004	-0.8797	-0.0709	-0.1331	0.4509	-1	0	0.6	0.009	0.018	0.001	1023
2018	5	11	13	17	21.026	-0.8802	-0.0703	-0.1328	0.45	-1.8	0.2	0.9	0.007	0.013	0	1023
2018	5	11	13	17	21.047	-0.8807	-0.0696	-0.1326	0.4491	-1	0.6	0.9	0.001	0.003	0.009	1023
2018	5	11	13	17	21.067	-0.8813	-0.0691	-0.1323	0.4481	-1	0.3	0.4	0.006	0.021	0.001	1023
2018	5	11	13	17	21.088	-0.8819	-0.0687	-0.1322	0.447	-2	-0.4	0.8	0.007	0.027	0.007	1023
2018	5	11	13	17	21.107	-0.8825	-0.0682	-0.1321	0.4461	-3.1	0	1.8	0.003	0.021	-0.001	1023
2018	5	11	13	17	21.123	-0.883	-0.0673	-0.132	0.4452	-2.1	0.4	1.7	0.004	-0.007	-0.006	1023
2018	5	11	13	17	21.162	-0.8835	-0.0665	-0.1319	0.4445	-1.2	0.6	0.7	0.007	-0.008	0.007	1023
2018	5	11	13	17	21.183	-0.884	-0.0659	-0.1316	0.4435	0	0	0	0.006	0.015	0.01	1023
2018	5	11	13	17	21.188	-0.8846	-0.0656	-0.1313	0.4425	-1.6	-0.2	0.7	0.007	0.033	0.001	1023
2018	5	11	13	17	21.206	-0.8851	-0.065	-0.1312	0.4417	-2.7	0.1	1.6	0.005	0.022	-0.001	1023
2018	5	11	13	17	21.226	-0.8855	-0.0641	-0.131	0.441	-2.1	0.6	1.8	0.003	0	0	1023
2018	5	11	13	17	21.263	-0.8858	-0.0633	-0.1307	0.4405	-0.2	0.1	1.2	0.007	-0.004	0.012	1023
2018	5	11	13	17	21.285	-0.8863	-0.0627	-0.1305	0.4398	-0.2	0.1	0.8	0.005	0.009	0.003	1023
2018	5	11	13	17	21.289	-0.8868	-0.0624	-0.1302	0.4388	-0.6	0.3	0.5	0.005	0.024	-0.006	0
2018	5	11	13	17	21.31	-0.8873	-0.062	-0.1299	0.438	-0.6	0.4	1	0.001	0.025	0.007	0
2018	5	11	13	17	21.331	-0.8878	-0.0616	-0.1296	0.437	-1.8	0	1.4	0.009	0.018	0.009	0
2018	5	11	13	17	21.351	-0.8883	-0.061	-0.1296	0.4362	-1.5	-0.1	1.3	0.008	0.003	0.004	0
2018	5	11	13	17	21.388	-0.8891	-0.0598	-0.1292	0.4347	-0.5	0.1	0.3	0.001	0.011	-0.002	0
2018	5	11	13	17	21.392	-0.8896	-0.0593	-0.1289	0.4341	-1.4	0.2	0.8	0.004	0.029	0.001	0
2018	5	11	13	17	21.408	-0.89	-0.0588	-0.1287	0.4332	-2	0.1	1.1	0.008	0.015	0.008	0
2018	5	11	13	17	21.428	-0.8905	-0.0581	-0.1286	0.4324	-1.6	0	1.2	0.005	0.006	0.003	0
2018	5	11	13	17	21.449	-0.8908	-0.0574	-0.1283	0.4319	-1.2	0.1	1.3	0.001	0.011	0.002	0
2018	5	11	13	17	21.487	-0.8912	-0.057	-0.1281	0.4311	-0.7	0	1.1	0.007	0.012	0.004	0
2018	5	11	13	17	21.506	-0.8916	-0.0564	-0.128	0.4306	-0.7	-0.8	0.8	0.011	0	0.005	0
2018	5	11	13	17	21.51	-0.892	-0.056	-0.1279	0.4298	0.4	-0.4	0.8	0	-0.004	-0.006	0
2018	5	11	13	17	21.53	-0.8924	-0.0558	-0.1275	0.429	1	0.3	0.3	0.001	0.013	-0.008	0
2018	5	11	13	17	21.549	-0.8929	-0.0557	-0.1271	0.4281	0.4	0.4	0.7	0.008	0.028	0.008	0
2018	5	11	13	17	21.589	-0.8934	-0.0556	-0.1269	0.4273	-0.8	-0.2	1.1	0.011	0.022	0.007	0
2018	5	11	13	17	21.593	-0.8938	-0.0553	-0.1268	0.4264	-0.4	-0.3	1.1	0.006	0.003	-0.002	0
2018	5	11	13	17	21.609	-0.8942	-0.0549	-0.1266	0.4256	-0.4	0.4	0.8	0.004	0.008	-0.006	0
2018	5	11	13	17	21.645	-0.8947	-0.0545	-0.1263	0.4248	-0.7	0.7	0.8	0.011	0.012	0	0
2018	5	11	13	17	21.666	-0.8951	-0.0541	-0.1261	0.4241	-1	0	0.7	0.008	0.007	0.014	0
2018	5	11	13	17	21.67	-0.8955	-0.0536	-0.1259	0.4234	-0.6	-0.1	0.5	-0.001	0.004	0.007	0
2018	5	11	13	17	21.706	-0.8959	-0.0532	-0.1256	0.4226	-0.1	0.1	0.5	-0.003	0.025	-0.002	0
2018	5	11	13	17	21.725	-0.8963	-0.053	-0.1253	0.4219	-2	0.3	1.3	0.006	0.037	-0.004	0
2018	5	11	13	17	21.729	-0.8966	-0.0524	-0.1251	0.4214	-1.6	-0.1	2.4	0.006	0.002	0.006	0
2018	5	11	13	17	21.751	-0.8969	-0.0517	-0.1251	0.4208	-0.5	0.1	1.4	0.006	-0.018	0.005	0
2018	5	11	13	17	21.77	-0.8973	-0.0513	-0.1249	0.4201	1.8	0.1	0	0.003	-0.014	-0.001	0
2018	5	11	13	17	21.808	-0.8977	-0.0513	-0.1245	0.4193	2.1	0.4	-0.7	0.005	0.028	0.001	0
2018	5	11	13	17	21.812	-0.8982	-0.0516	-0.124	0.4184	0.8	0	0.5	0.004	0.039	0	0
2018	5	11	13	17	21.828	-0.8986	-0.0516	-0.1237	0.4176	-0.9	0	1.9	0.003	0.023	0.008	0
2018	5	11	13	17	21.867	-0.8989	-0.0512	-0.1235	0.417	1.6	0.2	1.3	0.002	-0.014	0.002	0
2018	5	11	13	17	21.886	-0.8992	-0.0508	-0.1232	0.4165	1.1	0.4	0.3	0.003	0.003	0	0
2018	5	11	13	17	21.891	-0.8997	-0.0508	-0.1228	0.4157	0.6	0.3	0.1	0.011	0.037	-0.005	0
2018	5	11	13	17	21.909	-0.9001	-0.0507	-0.1226	0.4149	-1.8	0.1	0.8	0.012	0.032	0.005	0
2018	5	11	13	17	21.932	-0.9004	-0.0503	-0.1224	0.4143	0.3	-0.2	1.5	0	0	0.007	0
2018	5	11	13	17	21.951	-0.9007	-0.0498	-0.1222	0.4138	-0.4	0	0.8	0	0.005	-0.005	0
2018	5	11	13	17	21.987	-0.901	-0.0495	-0.122	0.4131	-1.7	0.4	0.7	0.01	0.025	-0.007	0
2018	5	11	13	17	22.006	-0.9014	-0.049	-0.1219	0.4124	-1.4	-0.1	1.3	0.005	0.02	0.008	1023
2018	5	11	13	17	22.013	-0.9017	-0.0486	-0.1218	0.4118	-1.2	-0.6	1.3	0.003	0	0.007	1023
2018	5	11	13	17	22.035	-0.902	-0.048	-0.1218	0.4112	-1.5	-0.1	1	0	0	-0.006	1023
2018	5	11	13	17	22.05	-0.9024	-0.0475	-0.1217	0.4105	-0.9	0.3	0.5	0.007	0.018	0	1023
2018	5	11	13	17	22.07	-0.9027	-0.0472	-0.1215	0.4098	-1.5	0.3	1	0.008	0.025	0.012	1023
2018	5	11	13	17	22.091	-0.9031	-0.0468	-0.1214	0.4092	-1.1	-0.1	1.7	0.011	0.02	0.012	1023
2018	5	11	13	17	22.129	-0.9033	-0.0463	-0.1213	0.4086	-1.6	-0.5	1.4	0.005	0.002	0	1023
2018	5	11	13	17	22.149	-0.9037	-0.0458	-0.1213	0.4079	-1.6	-0.5	1	0.002	0.011	0.004	1023
2018	5	11	13	17	22.153	-0.904	-0.0454	-0.1212	0.4073	-1.8	-0.8	1.4	-0.007	0.039	0.026	1023
2018	5	11	13	17	22.192	-0.9043	-0.0452	-0.1213	0.4067	-3.1	-2.6	3	-0.005	0.067	0.022	1023
2018	5	11	13	17	22.212	-0.9043	-0.0447	-0.1215	0.4065	-7.6	-3	6	-0.013	0.046	0.016	1023
2018	5	11	13	17	22.216	-0.9043	-0.0434	-0.1221	0.4067	-5.3	-2.7	5.4	-0.011	-0.034	0.029	1023
2018	5	11	13	17	22.232	-0.9043	-0.0414	-0.1233	0.4065	-10.9	-6.2	2.6	0	-0.063	0.068	1023
2018	5	11	13	17	22.272	-0.9044	-0.0397	-0.1251	0.4058	-7	-9.5	0.7	-0.007	-0.021	0.075	1023
2018	5	11	13	17	22.292	-0.9045	-0.0395	-0.1267	0.4052	0.1	-11.5	0	0.014	0.036	0.009	1023
2018	5	11	13	17	22.296	-0.9046	-0.04	-0.1287	0.4042	-7.3	-11.2	0.9	0.022	0.033	-0.046	1023
2018	5	11	13	17	22.317	-0.9048	-0.0396	-0.1307	0.4032	-10.2	-9.1	0	0.01	0.061	-0.034	0
2018	5	11	13	17	22.337	-0.905	-0.038	-0.133	0.402	-15.6	-8.4	-0.5	0.019	-0.007	-0.028	0
2018	5	11	13	17	22.355	-0.9053	-0.0356	-0.1353	0.401	-15.7	-6.3	-0.9	0.025	-0.015	-0.023	0
2018	5	11	13	17	22.374	-0.9056	-0.0332	-0.1372	0.3999	-13.8	-4.8	-1	0.009	-0.013	-0.006	0
2018	5	11	13	17	22.396	-0.906	-0.0315	-0.1387	0.3985	-9.9	-6.1	-1.4	-0.004	0.013	0.046	0
2018	5	11	13	17	22.415	-0.9063	-0.0301	-0.1402	0.3974	-13.1	-8.9	-0.9	-0.008	0.033	0.054	0
2018	5	11	13	17	22.451	-0.9067	-0.0272	-0.1449	0.3951	-6.5	-9.8	-2.5	0.019	-0.01	-0.02	0
2018	5	11	13	17	22.472	-0.907	-0.0263	-0.1468	0.3937	-11.9	-7.8	-2.8	0.003	0.033	-0.02	0
2018	5	11	13	17	22.476	-0.9077	-0.0133	-0.1553	0.3893	-20.3	1.8	2.9	0.007	0.088	0.019	0
2018	5	11	13	17	22.497	-0.908	-0.0081	-0.157	0.3881	-52	2.6	3.5	0.016	0.096	0.001	0
2018	5	11	13	17	22.517	-0.9083	0.0032	-0.161	0.386	-88.7	4.5	2.7	0.019	0.07	-0.031	0
2018	5	11	13	17	22.565	-0.9083	0.0189	-0.1664	0.3832	-99.3	5.2	3.8	-0.001	0.025	-0.02	0
2018	5	11	13	17	22.568	-0.9079	0.0352	-0.1716	0.3807	-100	7.6	4.9	-0.002	0.061	0.003	0
2018	5	11	13	17	22.573	-0.9071	0.0531	-0.1771	0.3779	-120.4	7.6	6.2	0.009	0.076	0	0
2018	5	11	13	17	22.593	-0.9056	0.0742	-0.184	0.3746	-133.7	5.4	7.7	0.003	0.014	0.001	0
2018	5	11	13	17	22.614	-0.9033	0.0974	-0.1918	0.3711	-140.9	5.8	7.2	-0.013	-0.072	-0.014	0
2018	5	11	13	17	22.651	-0.9003	0.1204	-0.1995	0.3675	-126.2	4	7.7	-0.01	-0.038	-0.027	0
2018	5	11	13	17	22.671	-0.8971	0.1402	-0.2061	0.3645	-119.5	5.4	8.5	0.029	0.071	-0.004	0
2018	5	11	13	17	22.674	-0.8934	0.1616	-0.2131	0.3607	-151.2	3.5	8.8	-0.001	0.102	0.025	0
2018	5	11	13	17	22.712	-0.888	0.1873	-0.222	0.3561	-162.6	1.8	10.7	0.001	-0.005	-0.028	0
2018	5	11	13	17	22.733	-0.8816	0.2128	-0.2308	0.3521	-141.2	0.1	14.3	-0.01	-0.031	-0.034	0
2018	5	11	13	17	22.737	-0.8758	0.2326	-0.2372	0.3499	-97.1	1.7	15.3	-0.006	-0.046	-0.027	0
2018	5	11	13	17	22.759	-0.8708	0.249	-0.2421	0.3478	-110.4	0.6	13.7	-0.014	0.083	0.014	0
2018	5	11	13	17	22.777	-0.8644	0.2679	-0.2482	0.3454	-117.9	-1.8	12.6	0.003	-0.049	-0.007	0
2018	5	11	13	17	22.795	-0.8574	0.2868	-0.2551	0.3425	-114.5	-4	11.1	0.016	-0.023	-0.009	0
2018	5	11	13	17	22.833	-0.8504	0.3041	-0.2617	0.3401	-101.6	-5.2	11.1	0.003	-0.023	0.002	0
2018	5	11	13	17	22.853	-0.844	0.3188	-0.2671	0.3383	-87.7	-6	10.7	-0.008	0.032	0.007	0
2018	5	11	13	17	22.857	-0.8381	0.3316	-0.2718	0.337	-77.1	-6	13.6	0.008	0.048	-0.031	0
2018	5	11	13	17	22.897	-0.8322	0.3434	-0.2761	0.3364	-74.1	-4.5	17.7	0.025	0.076	-0.058	0
2018	5	11	13	17	22.915	-0.8259	0.3553	-0.28	0.3362	-76	-4.1	20.1	0.015	0.082	-0.019	0
2018	5	11	13	17	22.92	-0.8193	0.3679	-0.2839	0.3357	-90.1	-5.3	20.9	-0.001	0.077	0.013	0
2018	5	11	13	17	22.939	-0.8111	0.3826	-0.2887	0.335	-94.5	-6.5	22	0.001	-0.053	-0.014	0
2018	5	11	13	17	22.959	-0.8029	0.3967	-0.2934	0.3343	-80.6	-7.3	18.6	-0.004	-0.134	-0.02	1023
2018	5	11	13	17	22.98	-0.7959	0.4083	-0.2976	0.3334	-79.6	-9.6	12.5	-0.022	0.01	0.055	1023
2018	5	11	13	17	22.996	-0.7882	0.4205	-0.3028	0.3317	-92.7	-14	11.3	-0.026	0.024	0.039	1023
2018	5	11	13	17	23.033	-0.7798	0.433	-0.309	0.3298	-86.7	-16.2	10.7	-0.013	-0.043	-0.016	1023
2018	5	11	13	17	23.054	-0.7721	0.4437	-0.3147	0.3284	-60.8	-14.6	9.6	0.017	-0.063	-0.074	1023
2018	5	11	13	17	23.058	-0.7664	0.4509	-0.3187	0.3279	-43.7	-11.5	10.2	0.017	0.035	-0.033	1023
2018	5	11	13	17	23.097	-0.7613	0.4574	-0.3221	0.3276	-58.6	-12.7	10	-0.008	0.119	0.042	1023
2018	5	11	13	17	23.118	-0.7545	0.4661	-0.3266	0.3265	-73.7	-15.4	8.3	-0.014	-0.022	0.027	1023
2018	5	11	13	17	23.122	-0.7469	0.4756	-0.332	0.3248	-67.7	-15.9	7.1	0.005	-0.066	-0.038	1023
2018	5	11	13	17	23.14	-0.7399	0.484	-0.337	0.3233	-58.5	-13.7	6.2	0.013	-0.027	-0.052	1023
2018	5	11	13	17	23.179	-0.7337	0.4913	-0.3413	0.3219	-55.7	-12.2	4.2	-0.003	0.013	0.009	1023
2018	5	11	13	17	23.2	-0.7274	0.4987	-0.3459	0.3199	-75.7	-14.5	2.6	-0.004	0.12	0.047	1023
2018	5	11	13	17	23.205	-0.7182	0.5095	-0.3527	0.3162	-102.8	-17.4	1.2	0.012	-0.005	-0.016	1023
2018	5	11	13	17	23.222	-0.7077	0.5216	-0.3603	0.3117	-91.3	-16.7	-0.5	-0.003	-0.093	-0.049	1023
2018	5	11	13	17	23.242	-0.6988	0.5312	-0.3666	0.308	-72.5	-14.8	-0.9	-0.01	-0.012	0.001	0
2018	5	11	13	17	23.264	-0.6905	0.5399	-0.3726	0.3045	-94.3	-18.3	-0.7	-0.011	0.152	0.064	0
2018	5	11	13	17	23.284	-0.6789	0.5517	-0.3806	0.2995	-124.7	-23.3	-1.4	-0.001	0.064	0.031	0
2018	5	11	13	17	23.305	-0.6636	0.5667	-0.3909	0.2923	-144.3	-24.4	-2.8	0.026	0.009	-0.069	0
2018	5	11	13	17	23.319	-0.6472	0.5823	-0.4014	0.2842	-135.9	-22.1	-3.9	0.008	-0.071	-0.07	0
2018	5	11	13	17	23.357	-0.6329	0.595	-0.4102	0.2775	-114.9	-21.5	-5.7	-0.031	0.017	0.008	0
2018	5	11	13	17	23.377	-0.6187	0.6068	-0.4188	0.2708	-134.6	-25.2	-8.1	-0.014	0.115	0.026	0
2018	5	11	13	17	23.381	-0.6013	0.6208	-0.4293	0.262	-151.5	-27.3	-5.8	0.029	0.068	-0.046	0
2018	5	11	13	17	23.421	-0.5822	0.6353	-0.4398	0.2526	-150.2	-25.7	-4.1	0.031	0.043	-0.076	0
2018	5	11	13	17	23.441	-0.5637	0.6489	-0.4491	0.2436	-142	-24	-3.3	-0.005	0.066	-0.075	0
2018	5	11	13	17	23.446	-0.5456	0.6614	-0.4576	0.2352	-131.9	-23.5	-2.2	-0.005	0.021	-0.029	0
2018	5	11	13	17	23.464	-0.5289	0.6723	-0.465	0.2277	-118	-22.7	-0.9	0.026	0.037	-0.031	0
2018	5	11	13	17	23.483	-0.5122	0.6826	-0.4722	0.2203	-129	-24	-0.4	0.012	0.08	0.006	0
2018	5	11	13	17	23.501	-0.4927	0.6944	-0.4797	0.2115	-143.1	-24.2	1.7	-0.002	0.004	-0.043	0
2018	5	11	13	17	23.522	-0.4737	0.7055	-0.4862	0.2033	-122.8	-21.3	3.5	0	-0.037	-0.065	0
2018	5	11	13	17	23.541	-0.4585	0.714	-0.4908	0.1971	-87.3	-15.9	4.6	0.02	-0.07	-0.048	0
2018	5	11	13	17	23.564	-0.4482	0.7195	-0.4939	0.1933	-59.7	-13.4	1.4	0.014	-0.045	-0.023	0
2018	5	11	13	17	23.581	-0.4397	0.7235	-0.4969	0.1901	-65.2	-14.5	-2.3	0.002	0.056	0.044	0
2018	5	11	13	17	23.601	-0.4279	0.729	-0.501	0.185	-87.9	-17.4	-1.7	-0.006	0.035	0.01	0
2018	5	11	13	17	23.64	-0.415	0.7349	-0.5052	0.1796	-83.8	-16	0	-0.002	-0.033	-0.026	0
2018	5	11	13	17	23.659	-0.4046	0.7396	-0.5081	0.1756	-55.9	-12.1	0.2	0.002	-0.079	-0.038	0
2018	5	11	13	17	23.664	-0.3982	0.7422	-0.5103	0.1732	-33.9	-9.5	-3.9	0.008	-0.034	-0.024	0
2018	5	11	13	17	23.7	-0.3924	0.7441	-0.5128	0.1708	-40.9	-10.1	-5.2	0.003	0.056	0.011	0
2018	5	11	13	17	23.72	-0.3843	0.747	-0.5158	0.1672	-59.1	-12.5	-3.2	0.009	0.079	0.017	0
2018	5	11	13	17	23.724	-0.3751	0.7506	-0.5187	0.1631	-58.3	-11.5	-1.4	0.012	-0.021	0.001	0
2018	5	11	13	17	23.742	-0.3673	0.7537	-0.5209	0.1598	-43.6	-8.3	-0.6	0.021	-0.04	-0.043	0
2018	5	11	13	17	23.762	-0.3612	0.756	-0.5226	0.1572	-38.1	-6.7	-2.2	0.007	-0.002	-0.025	0
2018	5	11	13	17	23.78	-0.355	0.7582	-0.5245	0.1542	-40.6	-7.1	-2.4	0.01	0.007	0.004	0
2018	5	11	13	17	23.821	-0.3487	0.7604	-0.5265	0.1512	-42.4	-8	-2.8	0.009	-0.008	0.035	0
2018	5	11	13	17	23.842	-0.3432	0.7622	-0.5282	0.1488	-34.7	-6.5	-2.5	0.015	0.002	0	0
2018	5	11	13	17	23.846	-0.338	0.7639	-0.5297	0.1462	-31.5	-4.4	-1.7	0.029	0.004	-0.086	0
2018	5	11	13	17	23.865	-0.3336	0.7656	-0.5308	0.144	-27	-2	-2.1	-0.005	-0.029	-0.039	0
2018	5	11	13	17	23.884	-0.3306	0.7666	-0.5316	0.1422	-16.2	-0.4	-2.1	-0.005	-0.018	0.001	0
2018	5	11	13	17	23.924	-0.3286	0.7673	-0.5322	0.1409	-13.9	0	-1.9	0.001	0.027	0.042	0
2018	5	11	13	17	23.928	-0.326	0.7682	-0.533	0.1393	-21.3	-3.3	-2.5	0.018	-0.024	0.027	0
2018	5	11	13	17	23.943	-0.3233	0.769	-0.5338	0.1379	-16.7	-2.2	-2.3	-0.016	-0.029	-0.015	0
2018	5	11	13	17	23.962	-0.3219	0.7692	-0.5345	0.1371	-3.8	-0.6	-3.6	0.015	-0.02	-0.02	0
2018	5	11	13	17	23.983	-0.3223	0.7688	-0.535	0.1371	3.9	1	-4.2	0.008	0.01	0.018	0
2018	5	11	13	17	24.003	-0.3216	0.7687	-0.5356	0.1364	-10.9	-0.5	-3.9	-0.018	0.082	0.039	1023
2018	5	11	13	17	24.023	-0.3181	0.7697	-0.5368	0.1346	-28.2	-4	-3.8	-0.013	0.023	0.006	1023
2018	5	11	13	17	24.059	-0.3145	0.7706	-0.5382	0.1326	-19.3	-2.5	-4.6	0.031	-0.064	-0.03	1023
2018	5	11	13	17	24.08	-0.3134	0.7706	-0.539	0.1315	-2.4	0.4	-4.9	0.029	-0.018	-0.016	1023
2018	5	11	13	17	24.084	-0.3133	0.7703	-0.5396	0.1311	-0.5	-0.3	-2.9	-0.002	0.053	0.047	1023
2018	5	11	13	17	24.122	-0.3123	0.7704	-0.5401	0.1308	-10	-3.4	-2.3	-0.005	0.053	0.052	1023
2018	5	11	13	17	24.143	-0.3102	0.7707	-0.5409	0.1303	-12.7	-4.7	-2.6	0.012	-0.041	-0.008	1023
2018	5	11	13	17	24.147	-0.3084	0.771	-0.5417	0.1297	-9.4	-2.9	-2.1	0.005	-0.013	-0.033	1023
2018	5	11	13	17	24.167	-0.3072	0.7712	-0.5423	0.1291	-5.9	-1.1	-2.5	0.015	-0.001	0.006	1023
2018	5	11	13	17	24.188	-0.306	0.7713	-0.5429	0.1285	-8.4	-1.9	-1.9	-0.004	0.051	0.031	1023
2018	5	11	13	17	24.209	-0.3042	0.7716	-0.5436	0.1281	-7.9	-1.5	-1.7	0.011	-0.004	-0.024	1023
2018	5	11	13	17	24.231	-0.3033	0.7718	-0.544	0.1275	-6.3	-0.6	-2.3	0.008	-0.013	0.007	1023
2018	5	11	13	17	24.245	-0.3022	0.772	-0.5445	0.1268	-8.7	-1.1	-1.9	-0.004	0.018	0.015	1023
2018	5	11	13	17	24.283	-0.3006	0.7724	-0.545	0.1261	-9.6	-2	-0.9	0	0.027	0.015	1023
2018	5	11	13	17	24.303	-0.2985	0.7729	-0.5456	0.1253	-16.8	-3.4	-1.3	-0.005	0.049	0.023	1023
2018	5	11	13	17	24.307	-0.2959	0.7735	-0.5463	0.1243	-13.3	-3.5	-1.9	0.019	-0.063	-0.007	0
2018	5	11	13	17	24.327	-0.295	0.7736	-0.5469	0.1239	-3.3	-1.6	-2.5	0.018	-0.019	-0.013	0
2018	5	11	13	17	24.348	-0.2942	0.7735	-0.5475	0.1235	-6	-1.5	-3	-0.008	0.046	0.025	0
2018	5	11	13	17	24.387	-0.2919	0.774	-0.5483	0.1226	-19.6	-4.6	-2.3	-0.012	0.066	0.04	0
2018	5	11	13	17	24.408	-0.2879	0.7749	-0.5494	0.1207	-25	-4.4	-2	0.016	-0.009	-0.037	0
2018	5	11	13	17	24.412	-0.2851	0.7756	-0.5503	0.119	-14.3	-1.8	-2.8	0.029	-0.051	-0.021	0
2018	5	11	13	17	24.43	-0.284	0.7756	-0.551	0.1184	-6.1	-2.2	-4.5	-0.009	-0.038	0.027	0
2018	5	11	13	17	24.451	-0.2824	0.7755	-0.552	0.1181	-14.9	-7.3	-4.9	-0.027	0.077	0.072	0
2018	5	11	13	17	24.465	-0.2786	0.776	-0.5534	0.1172	-22.1	-10	-3.5	0.011	-0.003	0.021	0
2018	5	11	13	17	24.504	-0.2749	0.7765	-0.5548	0.1165	-15.7	-6.6	-1.4	0.037	-0.071	-0.05	0
2018	5	11	13	17	24.524	-0.2733	0.7766	-0.5555	0.1162	-4.6	-5.2	-1.2	0.029	0.007	0.002	0
2018	5	11	13	17	24.528	-0.2723	0.7765	-0.556	0.1166	-0.3	-5.6	-0.3	0	0.043	0.03	0
2018	5	11	13	17	24.55	-0.2706	0.7767	-0.5565	0.1167	-10.7	-5.9	-0.8	-0.006	0.028	0.014	0
2018	5	11	13	17	24.57	-0.2682	0.7772	-0.5571	0.1162	-14.3	-3.8	0.1	0.005	-0.046	-0.023	0
2018	5	11	13	17	24.59	-0.2668	0.7776	-0.5573	0.1156	-4.9	-0.1	-0.5	0.023	-0.051	-0.058	0
2018	5	11	13	17	24.611	-0.2667	0.7774	-0.5576	0.1155	2.3	0.1	-1.4	0.021	0.004	0.022	0
2018	5	11	13	17	24.63	-0.267	0.777	-0.558	0.1158	2.3	0.4	-2.2	-0.005	0.05	0.043	0
2018	5	11	13	17	24.652	-0.2666	0.7769	-0.5584	0.1156	-4.8	0.4	-1.9	0	-0.025	0.013	0
2018	5	11	13	17	24.671	-0.2664	0.777	-0.5585	0.1151	-3.6	2.2	-1.1	0.007	0	-0.016	0
2018	5	11	13	17	24.687	-0.2662	0.7771	-0.5586	0.1142	-1.9	2.8	-0.3	0.014	0.017	-0.019	0
2018	5	11	13	17	24.726	-0.2658	0.7773	-0.5586	0.1135	-3	0.3	1.1	0.012	0.033	0.056	0
